
0000000000000000010000001000
0000000000000000001111100101
0000000000000000001111111111
0000000000000000001111011001
0000000000000000001111000110
0000000000000000001111000110
0000000000000000010000010010
0000000000000000001111111110
0000000000000000010000011010
0000000000000000001111001010
0000000000000000001111001111
0000000000000000001111011000
0000000000000000001111100100
0000000000000000010000100101
0000000000000000010000011110
0000000000000000001111101111
0000000000000000001111010111
0000000000000000001111110100
0000000000000000001111100111
0000000000000000010000011111
0000000000000000010000011101
0000000000000000001111010011
0000000000000000001111111100
0000000000000000001111010001
0000000000000000001111100110
0000000000000000001111001010
0000000000000000001111110111
0000000000000000001110111100
0000000000000000001111100010
0000000000000000001111011100
0000000000000000001111100101
0000000000000000001111011001
0000000000000000001111100110
0000000000000000010000000011
0000000000000000001111111000
0000000000000000001111001011
0000000000000000001111001001
0000000000000000001111101001
0000000000000000010000010111
0000000000000000001111001110
0000000000000000001111000011
0000000000000000010000000101
0000000000000000001111100010
0000000000000000001111110010
0000000000000000010000010101
0000000000000000001111101100
0000000000000000001111111100
0000000000000000001111111010
0000000000000000001111100110
0000000000000000010000011001
0000000000000000001111110110
0000000000000000001111110111
0000000000000000001111000101
0000000000000000001111010001
0000000000000000010000100000
0000000000000000010000000000
0000000000000000001111111001
0000000000000000001111010110
0000000000000000001111000000
0000000000000000010000100001
0000000000000000010000011010
0000000000000000010000011110
0000000000000000010000001000
0000000000000000001111011010
0000000000000000001111010101
0000000000000000001111111010
0000000000000000001111101110
0000000000000000001111010010
0000000000000000010000000000
0000000000000000001111100001
0000000000000000001111000100
0000000000000000001111011010
0000000000000000001111110111
0000000000000000001111111000
0000000000000000010000100011
0000000000000000001111111000
0000000000000000001111110101
0000000000000000001111100000
0000000000000000010000011101
0000000000000000010000010011
0000000000000000001111111000
0000000000000000010000001110
0000000000000000001111101111
0000000000000000010000001101
0000000000000000010000010110
0000000000000000001111111011
0000000000000000010000100000
0000000000000000001111000011
0000000000000000010000001011
0000000000000000001111111101
0000000000000000001111000101
0000000000000000001111001011
0000000000000000001111001010
0000000000000000010000000101
0000000000000000001111001001
0000000000000000010000100001
0000000000000000010000000111
0000000000000000001111111111
0000000000000000010000101000
0000000000000000010000000010
0000000000000000001111111010
0000000000000000010000000100
0000000000000000010000001000
0000000000000000010000010101
0000000000000000001111101000
0000000000000000010000000111
0000000000000000010000000111
0000000000000000001111001101
0000000000000000001111010001
0000000000000000001111011001
0000000000000000001111111000
0000000000000000010000000011
0000000000000000001111110010
0000000000000000001111101101
0000000000000000001111110011
0000000000000000001111100000
0000000000000000001111001110
0000000000000000010000011001
0000000000000000001111001010
0000000000000000010000010011
0000000000000000010000100111
0000000000000000010000011001
0000000000000000001111101101
0000000000000000010000010001
0000000000000000001111001101
0000000000000000010000000110
0000000000000000001111011010
0000000000000000010000000001
0000000000000000001111100010
0000000000000000010000010010
0000000000000000001110111111
0000000000000000010000000011
0000000000000000001111001111
0000000000000000010000010100
0000000000000000001110111001
0000000000000000001111011001
0000000000000000001111001011
0000000000000000001110111000
0000000000000000001111110011
0000000000000000010000001011
0000000000000000010000001000
0000000000000000001111101100
0000000000000000010000010001
0000000000000000010000000010
0000000000000000001111001010
0000000000000000001111010100
0000000000000000010000100100
0000000000000000001111110010
0000000000000000001111011000
0000000000000000001111010000
0000000000000000001111000100
0000000000000000001111010100
0000000000000000001111010111
0000000000000000010000101011
0000000000000000001111111000
0000000000000000010000001010
0000000000000000010000000001
0000000000000000010000010001
0000000000000000010000000101
0000000000000000001111101011
0000000000000000001111110011
0000000000000000001111100001
0000000000000000001111010100
0000000000000000001111011001
0000000000000000001111101110
0000000000000000010000100010
0000000000000000001111111100
0000000000000000010000011010
0000000000000000001111010100
0000000000000000001111111100
0000000000000000001111001101
0000000000000000001111010101
0000000000000000001111001100
0000000000000000001111100010
0000000000000000010000010101
0000000000000000001111011100
0000000000000000010000001000
0000000000000000010000100011
0000000000000000001111001110
0000000000000000001111001110
0000000000000000010000001100
0000000000000000001111100100
0000000000000000001111010101
0000000000000000001111011110
0000000000000000001111110110
0000000000000000001111010110
0000000000000000010000010010
0000000000000000001111010010
0000000000000000010000011100
0000000000000000010000010001
0000000000000000001111011101
0000000000000000001111101011
0000000000000000010000110001
0000000000000000010000001100
0000000000000000001111101101
0000000000000000001111011101
0000000000000000010000010000
0000000000000000010000100000
0000000000000000001111111111
0000000000000000010000010010
0000000000000000010000100001
0000000000000000001111101011
0000000000000000010000010110
0000000000000000001111101000
0000000000000000010000011100
0000000000000000001111100100
0000000000000000001111011101
0000000000000000001111100010
0000000000000000010000010001
0000000000000000001111111100
0000000000000000001111101111
0000000000000000001111010000
0000000000000000010000010110
0000000000000000001111111000
0000000000000000001111010010
0000000000000000001111101100
0000000000000000001111011110
0000000000000000001111011000
0000000000000000001111110111
0000000000000000001111010010
0000000000000000010000001101
0000000000000000001111011000
0000000000000000001111011011
0000000000000000010000100111
0000000000000000010000101110
0000000000000000001111110110
0000000000000000010000001110
0000000000000000010000010000
0000000000000000001111011000
0000000000000000001111101001
0000000000000000001111001011
0000000000000000001111110110
0000000000000000010000010101
0000000000000000001111111110
0000000000000000001111001011
0000000000000000001111101001
0000000000000000010000100111
0000000000000000001111111111
0000000000000000001111000000
0000000000000000010000101001
0000000000000000001111111101
0000000000000000001111101111
0000000000000000001111111110
0000000000000000001111000111
0000000000000000001111101110
0000000000000000001111010110
0000000000000000010000100100
0000000000000000010000010110
0000000000000000001111111010
0000000000000000001111110101
0000000000000000001111011010
0000000000000000010000100011
0000000000000000010000001100
0000000000000000001111100010
0000000000000000001111101101
0000000000000000010000000110
0000000000000000001111011010
0000000000000000001111011100
0000000000000000001111010011
0000000000000000001111010111
0000000000000000001111011010
0000000000000000001111010101
0000000000000000010000000000
0000000000000000010000001111
0000000000000000010000001111
0000000000000000001111111011
0000000000000000001111111100
0000000000000000001111111010
0000000000000000010000000000
0000000000000000001111100000
0000000000000000001111011100
0000000000000000010000010110
0000000000000000010000000000
0000000000000000001111111001
0000000000000000001111011011
0000000000000000010000010100
0000000000000000001111100110
0000000000000000010000001110
0000000000000000001111010101
0000000000000000001111111000
0000000000000000010000010011
0000000000000000010000000000
0000000000000000001111100001
0000000000000000010000000101
0000000000000000001111110111
0000000000000000001111010010
0000000000000000001111011000
0000000000000000001111011100
0000000000000000001111011000
0000000000000000001111010000
0000000000000000001111101010
0000000000000000001111100011
0000000000000000001111100111
0000000000000000010000011100
0000000000000000010000011100
0000000000000000001111001010
0000000000000000001111011111
0000000000000000001111100000
0000000000000000001111010000
0000000000000000001111101010
0000000000000000001111010010
0000000000000000001111100010
0000000000000000010000011001
0000000000000000010000000000
0000000000000000010000010000
0000000000000000001111111001
0000000000000000001111101110
0000000000000000001111011110
0000000000000000010000011011
0000000000000000001111101110
0000000000000000001111011110
0000000000000000001111111001
0000000000000000001111111010
0000000000000000001111100101
0000000000000000001111010010
0000000000000000001111011111
0000000000000000010000000111
0000000000000000010000001111
0000000000000000001111111100
0000000000000000010000011000
0000000000000000010000000010
0000000000000000001111100100
0000000000000000001111100000
0000000000000000001111011111
0000000000000000010000000011
0000000000000000001111011000
0000000000000000001111101010
0000000000000000001111100101
0000000000000000001111110111
0000000000000000010000010101
0000000000000000001111000101
0000000000000000001111101001
0000000000000000010000100011
0000000000000000010000100111
0000000000000000010000010110
0000000000000000001111111111
0000000000000000010000000100
0000000000000000010000011001
0000000000000000001111100011
0000000000000000001111011000
0000000000000000001111001001
0000000000000000010000011001
0000000000000000001111111000
0000000000000000010000001101
0000000000000000001111111100
0000000000000000001111011110
0000000000000000001111010001
0000000000000000010000001010
0000000000000000010000011010
0000000000000000010000000010
0000000000000000001111110010
0000000000000000001110111100
0000000000000000010000000101
0000000000000000010000000101
0000000000000000001110111000
0000000000000000010000011001
0000000000000000010000001010
0000000000000000010000010011
0000000000000000010001010011
0000000000000000010001000011
0000000000000000010000111110
0000000000000000001111101101
0000000000000000001111111111
0000000000000000001111000011
0000000000000000010000101100
0000000000000000001110110101
0000000000000000010000100100
0000000000000000001110101111
0000000000000000010000111111
0000000000000000001111010001
0000000000000000010000100000
0000000000000000001111010010
0000000000000000010000011011
0000000000000000010000101100
0000000000000000001111110101
0000000000000000010000000010
0000000000000000010000101111
0000000000000000010000100101
0000000000000000001111101010
0000000000000000010000100110
0000000000000000001111110011
0000000000000000010000100011
0000000000000000010000011101
0000000000000000010000101010
0000000000000000010000101110
0000000000000000010001001000
0000000000000000010000111010
0000000000000000001111000110
0000000000000000001110111011
0000000000000000010001010100
0000000000000000001110010110
0000000000000000010000000010
0000000000000000001110101010
0000000000000000001110110101
0000000000000000001110111100
0000000000000000010000001100
0000000000000000010001000011
0000000000000000001111101011
0000000000000000010000111001
0000000000000000010000100110
0000000000000000010000001011
0000000000000000001111000101
0000000000000000010001001000
0000000000000000001111100111
0000000000000000001110110001
0000000000000000010000110001
0000000000000000010000110111
0000000000000000010001100100
0000000000000000001111000000
0000000000000000010000010101
0000000000000000001111100100
0000000000000000010000000111
0000000000000000010001000001
0000000000000000010000000001
0000000000000000010000111000
0000000000000000001111000010
0000000000000000010000010011
0000000000000000001110111000
0000000000000000001111101011
0000000000000000010000011001
0000000000000000001110011000
0000000000000000001111011100
0000000000000000010001001111
0000000000000000010000001001
0000000000000000001111001100
0000000000000000010000000111
0000000000000000010000010001
0000000000000000001111000010
0000000000000000010000001101
0000000000000000010000111110
0000000000000000001111100011
0000000000000000001111001010
0000000000000000010000110101
0000000000000000010000000100
0000000000000000010001110100
0000000000000000010001110111
0000000000000000001111111011
0000000000000000010001010010
0000000000000000010000010100
0000000000000000001111111011
0000000000000000001111000111
0000000000000000001111011011
0000000000000000010000010100
0000000000000000010000000111
0000000000000000010000000111
0000000000000000010000011111
0000000000000000001111011011
0000000000000000001111111011
0000000000000000001110111111
0000000000000000001111110110
0000000000000000010000001011
0000000000000000010000100111
0000000000000000010000100100
0000000000000000001110111110
0000000000000000010000010001
0000000000000000010000011110
0000000000000000001111100101
0000000000000000001111110011
0000000000000000010000110001
0000000000000000001111001011
0000000000000000001110111111
0000000000000000001110110010
0000000000000000001111110111
0000000000000000001111111001
0000000000000000001111111110
0000000000000000001111010110
0000000000000000010000010000
0000000000000000001111010011
0000000000000000001111111110
0000000000000000001111101100
0000000000000000001111010101
0000000000000000010000000101
0000000000000000001111101000
0000000000000000001111111000
0000000000000000001111011100
0000000000000000001111100111
0000000000000000001111011101
0000000000000000001111111101
0000000000000000010000010010
0000000000000000001111111001
0000000000000000001111100011
0000000000000000001111111010
0000000000000000001111101011
0000000000000000010000100101