1032
997
1023
985
966
966
1042
1022
1050
970
975
984
996
1061
1054
1007
983
1012
999
1055
1053
979
1020
977
998
970
1015
956
994
988
997
985
998
1027
1016
971
969
1001
1047
974
963
1029
994
1010
1045
1004
1020
1018
998
1049
1014
1015
965
977
1056
1024
1017
982
960
1057
1050
1054
1032
986
981
1018
1006
978
1024
993
964
986
1015
1016
1059
1016
1013
992
1053
1043
1016
1038
1007
1037
1046
1019
1056
963
1035
1021
965
971
970
1029
969
1057
1031
1023
1064
1026
1018
1028
1032
1045
1000
1031
1031
973
977
985
1016
1027
1010
1005
1011
992
974
1049
970
1043
1063
1049
1005
1041
973
1030
986
1025
994
1042
959
1027
975
1044
953
985
971
952
1011
1035
1032
1004
1041
1026
970
980
1060
1010
984
976
964
980
983
1067
1016
1034
1025
1041
1029
1003
1011
993
980
985
1006
1058
1020
1050
980
1020
973
981
972
994
1045
988
1032
1059
974
974
1036
996
981
990
1014
982
1042
978
1052
1041
989
1003
1073
1036
1005
989
1040
1056
1023
1042
1057
1003
1046
1000
1052
996
989
994
1041
1020
1007
976
1046
1016
978
1004
990
984
1015
978
1037
984
987
1063
1070
1014
1038
1040
984
1001
971
1014
1045
1022
971
1001
1063
1023
960
1065
1021
1007
1022
967
1006
982
1060
1046
1018
1013
986
1059
1036
994
1005
1030
986
988
979
983
986
981
1024
1039
1039
1019
1020
1018
1024
992
988
1046
1024
1017
987
1044
998
1038
981
1016
1043
1024
993
1029
1015
978
984
988
984
976
1002
995
999
1052
1052
970
991
992
976
1002
978
994
1049
1024
1040
1017
1006
990
1051
1006
990
1017
1018
997
978
991
1031
1039
1020
1048
1026
996
992
991
1027
984
1002
997
1015
1045
965
1001
1059
1063
1046
1023
1028
1049
995
984
969
1049
1016
1037
1020
990
977
1034
1050
1026
1010
956
1029
1029
952
1049
1034
1043
1107
1091
1086
1005
1023
963
1068
949
1060
943
1087
977
1056
978
1051
1068
1013
1026
1071
1061
1002
1062
1011
1059
1053
1066
1070
1096
1082
966
955
1108
918
1026
938
949
956
1036
1091
1003
1081
1062
1035
965
1096
999
945
1073
1079
1124
960
1045
996
1031
1089
1025
1080
962
1043
952
1003
1049
920
988
1103
1033
972
1031
1041
962
1037
1086
995
970
1077
1028
1140
1143
1019
1106
1044
1019
967
987
1044
1031
1031
1055
987
1019
959
1014
1035
1063
1060
958
1041
1054
997
1011
1073
971
959
946
1015
1017
1022
982
1040
979
1022
1004
981
1029
1000
1016
988
999
989
1021
1042
1017
995
1018
1003
