
0000000000000000001110100110
0011000000100111110100101101
1000010011001001110010101100
0000011010010110000011011011
0000000000000000001011101110
1100101000100101110000010100
0000000000000000001100000101
0000000000000000001011101110
0000000000000000001100010101
0000000000000000001100000111
0000000000000000001100101000
0000000000000000001100011110
0000000000000000001100001111
0000000000000000001100100101
0000000000000000001100010110
0000000000000000001100011000
0000000000000000001100011011
0000000000000000001100011101
0000000000000000001100010101
0000000000000000001011111111
0000000000000000001100011011
0000000000000000001100110000
0000000000000000001101000010
0000000000000000001100110101
0000000000000000001101010010
0000000000000000001100010100
0000000000000000001100100110
0000000000000000001100110110
0000000000000000001100100011
0000000000000000001100110000
0000000000000000001100110110
0000000000000000001101000100
0000000000000000001100110101
0000000000000000001100010110
0000000000000000001100101101
0000000000000000001100111010
0000000000000000001100010000
0000000000000000001100110000
0000000000000000001100011001
0000000000000000001100100101
0000000000000000001100110011
0000000000000000001100100101
0000000000000000001100100010
0000000000000000001100011100
0000000000000000001100111100
0000000000000000001100001110
0000000000000000001100100101
0000000000000000001100111100
0000000000000000001100011001
0000000000000000001100011000
0000000000000000001100110000
0000000000000000001101010101
0000000000000000001101000000
0000000000000000001100100110
0000000000000000001101001111
0000000000000000001100011100
0000000000000000001100011100
0000000000000000001101011100
0000000000000000001100000111
0000000000000000001100001111
0000000000000000001100110100
0000000000000000001100101110
0000000000000000001100110011
0000000000000000001101001001
0000000000000000001100010000
0000000000000000001100011101
0000000000000000001101000010
0000000000000000001101001011
0000000000000000001100111010
0000000000000000001101010101
0000000000000000001100001001
0000000000000000001101000010
0000000000000000001100000111
0000000000000000001100100011
0000000000000000001101001111
0000000000000000001101010100
0000000000000000001100011001
0000000000000000001100010011
0000000000000000001100111101
0000000000000000001100000001
0000000000000000001011101101
0000000000000000001100011011
0000000000000000001100001110
0000000000000000001100100000
0000000000000000001100110000
0000000000000000001100011011
0000000000000000001100100100
0000000000000000001100100001
0000000000000000001100011011
0000000000000000001100101011
0000000000000000001100010100
0000000000000000001100101100
0000000000000000001100010111
0000000000000000001100010000
0000000000000000001100001110
0000000000000000001100110111
0000000000000000001100111010
0000000000000000001100101101
0000000000000000001100101101
0000000000000000001101000001
0000000000000000001100011100
0000000000000000001100000111
0000000000000000001100100010
0000000000000000001011110101
0000000000000000001100000000
0000000000000000001100011000
0000000000000000001100011011
0000000000000000001100011100
0000000000000000001100101000
0000000000000000001100010110
0000000000000000001011110111
0000000000000000001100101010
0000000000000000001100100100
0000000000000000001100100111
0000000000000000001100100011