
0001110111110011110101000001
0001111000101010101001100100
0001111001010101000000101001
0001111001010101110011111100
0001111001010100111111111111
0001110110111000111111011001
0001111001010101111110010000
0001110111011000001110000000
0001110110110000000111111000
0001111000110010111100001111
0001111001010101110111000111
0001110111000101001000010101
0001110100101001101101001011
0001110110011101001011000011
0001110101100100111000010100
0001110011111110110000000111
0001111001101101100110001011
0001111001001101010000111100
0001110101011001011100110001
0001111001100101111100100110
0001111000000010101101100100
0001110101001110100101011011
0001111000110110111100111001
0001111000011101001101110110
0001110111111111011001100100
0001111001001000100011101010
0001110110000111010101110001
0001110101100010100000011010
0001110110001100001101111000
0001111001100000111000011111
0001111000101011100010110100
0001110110010001011000011011
0001110110000111110001011101
0001111000011011000001100110
0001111000010011000000000110
0001110100101011001100110111
0001110100110011100101100011
0001110110101110100101011110
0001111000011101110111101010
0001110110010000001001011100
0001111001010101100100001101
0001111001010101100000001100
0001111001010101010101000110
0001101011010010001010011010
0001101101010011101001010001
0001101000110100010010011010
0001101010101110110101111110
0001101011101001101010111011
0001101110001111100110111000
0001101110011101111011000101
0001101001010101001100111110
0001101100111001010101000000
0001101110100111001001100001
0001101100110010110000000000
0001101010011111110100011000
0001101100100111010111101110
0001101100100110100010111011
0001101010001110110111011010
0001101001000011100101000011
0001101100100010010011001011
0001101101000110000110001100
0001101101000100011000001101
0001101100010100010000000011
0001101110101110001010000111
0001101001110011000010110001
0001101000101001111110011110
0001101000101001101000011110
0001101010000001101010011111
0001101100100110111101101000
0001101100100101110111110111
0001101000111100100111001100
0001101011011000001100011000
0001101110101011011100111110
0001101100100011011001010010
0001101100110001111000010101
0001101100111000111010001010
0001101100100110111111001101
0001101100100110010100111001
0001101001000101111100111111
0001101001000011001101010010
0001101001001110011100000110
0001101100100111011111100110
0001101110101010001100110011
0001101100100110100111101011
0001101100010010101001000101
0001111010001110001100010011
0001110110001100100010111001
0001111001101110101111101101
0001111011100000100111011001
0001111001110000010110111101
0001111011110011000011001110
0001111000101001010111101010
0001111001111001110110011010
0001111001010100111001011001
0001111000010010110000001110
0001111001010101100010111010
0001111001001110011001000100
0001111001010101001111110000
0001111001010101101001110000
0001111000010110111101110100
0001110110011010001010100011
0001110110000101100111111010
0001111010110100001001101101
0001111001010101101000100101
0001110110111010100001000100
0001111010001010110010100011
0001111000110010001000010000
0001111010010100011100100000
0001110111101100001101110110
0001111001000001101100010010
0001111010000110001111100101
0001110111110010110110010011
0001110110111110010100111100
0001111001010101100111110000
0001111010011110101001111100
0001111001010101010010001000
0001110111110111001111000010
0001110110100100010110000101
0001110111000001011110111011
0001111011011011010100001010
0001111000000001011010100011
0001111100010100010001111000
0001111010110111011101100000
0001111001010101110101110001
0001111100110001101001111001
0001111011010101000000110111
0001111001011100110000111011
0001111001010100111010101001
0001111001010101111010111100
0001111001110100100000110010
0001111001010100111000101011
0001110111010100011001011001
0001111100000111110100110000
0001111100011101101111010000
0001111101000010001111100101
0001111100110010110000110010
0001111100101100110011100000
0001111100001011011010000100
0001111101000001101000000011
0001110111111011001010011111
0001111001010101100101101111
0001111001010101010100001111
0001111000000011001110111101
0001111100011110001101011100
0001111100100000010001001001
0001111100100100110110000000
0001111010111111001100000101
0001111100001011011101001001
0001110111100010110010101100
0001111100111001111011011101
0001111001010101001011100011
0001111010111010111101010011
0001110111001111010001110100
0001111001101000000011000101
0001111100010000101110111010
0001111001010111001100110100
0001111010111110110100010011
0001111001100000101010101001
0001111001010101001110000011
0001101100100110010101001101
0001101111001001010101010001
0001101100011000011101010010
0001101100100111001111010100
0001101011111111100111111101
0001101100100111010001110001
0001101110000011101111100101
0001101010110001111011001110
0001101101011010101110011100
0001101100100110100111001110
0001101100100111000100110001
0001101101000001011110011100
0001101100100110101011100000
0001101100011101110111001010
0001101100100111011110001100
0001101100000010110010000100
0001101100100110101101011001
0001101101100100110000010110
0001101100100011101111100010
0001101100100110100011101011
0001101100100111010010111110
0001101110000110110100100000
0001101101110100011101101101
0001101110000001110111111110
0001101100100110111011111000
0001110001010110110011100011
0001101101010010110110101001
0001101101011000001111110001
0001110000000011010101010001
0001101111000011010011000111
0001101100100110101101101000
0001101101010110110010011100
0001110000111101010010001000
0001101100100110001100001111
0001101100100110101010111010
0001101110001100011010101101
0001110000111001111101110000
0001101100000100000001100100
0001101100000110111101001101
0001110000101010001001000011
0001101111001001001010001111
0001110001001100011000101001
0001101100011000100111101110
0001101101010011000110111110
0001101100111100110111101111
0001101110100000010110101101
0001101100011101011000110010
0001101110110000001000101100
0001101100110110010010001001
0001101101100000111001101100
0001101111111101010100000000
0001110000110111001100111010
0001101100111110110010000101
0001101111011010001000010010
0001101100001101111010011100
0001110001100111110101100000
0001110000101110010100111000
0001101101111011000010000111
0001101100110001111100001010
0001101100000101111111011000
0001101110111001010111010100
0001111110110011010001110110
0001111110111010001101010010
0001111001010101010101000101
0001111110110010111010111100
0001111110111100010001010010
0001111100011100001010110111
0001111010001101010000100111
0001111100101110101011110100
0001111001000011110101000100
0001111011101100110000110111
0001111011011101110111111000
0001111101000001111111110011
0001111100000110100010001001
0001111001010101011011100011
0001111001010101000101101010
0001111001010101010100111101
0001111010110000111110000100
0001111011011000110011110110
0001111110111000100100110110
0001111101100011001000011110
0001111001010101011101010010
0001111001111010110101000110
0001111010110011011101011101
0001111001110110111111011100
0001111110100100100001110110
0001111101110010001101100000
0001111001111110101010010010
0001111110011111101000110111
0001111110001110001101111110
0001111001111100011000001001
0001111111110011110001110110
0001111110111110000110001101
0001111110110010110100100001
0001111111101101000101110001
0001111110010101000111111001
0001111110100000011000101101
0001110000010010001010000110
0001110000111110100100111010
0001101110100101010011100011
0001101101111000001000001010
0000000101001110001101010100
0001110011000011011100001101
0001110000101110011000100011
0001110010111010110101001010
0001110110000000111100011010
0001111001011110110111010100
0010000010101101110111011110
0101100100111000000110000111
0011111110000001111101000110
0001110010111110111001011010
0001110011110111110010011110
0001101110001101101110010000
0001110011111001110011010000
0001101111011110010110101111
0001110011011111000000000001
0001110010111110001110000111
0001110011111110111110011000
0001110010111101110101101011
0001101110101111000011000100
0001101110011010011010110010
0001101110001000010000001001
0001110000010110010111110001
0001110010111110110101001010
0001101110100101011101000010
0001110010101110001111111100
0001110001101000001010001100
0001110000101010110101000111
0001101110101111110000001001
0001110010111000010111000111
0001110011110110010101010001
0001110010011111111101110110
0001101111010100000111010110
0001101111101110111001101001
0001110010110100110101110001
0001101110111001100000100110
0001101111010001001000011101
0001101110111010010010101000
0001110011111111101000100111
0001110010011001010110001101
0001110001111001010111100000
0001101110111011101011010110
0001110000000011110010010011
0001110001011001000110001001
0001101110111011110100000000
0001101111101110101101100011
0001101111010110111111010001
0000000101000000011010100001
0000000011000101010110110111
0000000100101011111110101111
0000000000011001110001010010
0000000000011010000111001011
0001101110110111001000001011
0001110001001101100110111110
0001110001000101011111100011
0001101110111011001001010100
0001111111101100011010001110
0001110101101111001100111111
0001110011110001011001010001
0010000000010001111011100100
0111010110111111010111100001
0001110101000011110011100100
0001101111100001010110101100
0001110001100101110001101000
0001111101110011011111111010
0010000001010001110000000001
0001111101000101101101001000
0001111101000101110101100000
0001111100011111010111101000
0010000001001111001101010110
0010000010010001111111100101
0010000001111111100111010011
0001111110101001010010011100
0010000010000000110110111000
0001111111001111111100111110
0001111100110101000110100010
0010000001100111010110001011
0001111101000000010101100100
0001110001111100011011100101
0001110001110001100110010100
0001110000111001000111100000
0001110100101111110101100000
0001101111101110000001100001
0001110001110101001100001001
0001110011001010011001010011
0001110011011010011101001101
0001110010101001010111001110
0001110100101001000010010001
0001110001110110101110111101
0001110010111101101001111110
0001110100111001010000011010
0001110011011011011010101101
0001110010011111100110000101
0001110010111110000001111000
0001110010110000011100101111
0001110100111101001100101110
0001110001001010001001111110
0001110001111001010100101100
0001110000000111101111111100
0001110100010101000010000111
0001110101001000100001010010
0001110010111101011100100000
0001110101011111101110011010
0001110010111110000011001101
0001110010111101111010000011
0001110010111110110110011000
0001110101111011100001000110
0001110000001111100001001101
0001110100100001001111000101
0001110101111000010000000010
0001110001110000111101111010
0001110101101011100111110111
0001110101011011101011011000
0001110011010110101111010111
0001110100100010100101101110
0001110110100111100110110001
0001110010011001101100001001
0001110101100010001001111001
0001110100100110100001110100
0001110001000100111001000001
0001110010111001000000001011
0001110010011010101110000011
0001110100100011101101001000
0001110101111001000100111011
0001110010111101101010000101
0001110010111110011010110100
0001110001100110011001011000
0001110011000100101111100111
0001110011101110110011100010
0001110010100110110111101110
0001110101110001111100000001
0001110101110100011000000001
0001110011000110000000000001
0001110010100101110000100100
0001110111000101010101111011
0001110001001100101011000001
0001110100001110100011111001
0001110010100001000100001100
0001110110001111100100101010
0001110010100111001011001001
0001110100000010101001010101
0001110001001110010010111010
0001110100101100111100101000
0001110111010011000110011110
0001110010111101111101000010
0001110011111110010101101101
0001110010010110010001011110
0001110101111100101101000100
0001110110100010110011100101
0001110110010110101110000110
0001110111000111111110111110
0001110101111001110000101000
0001110001100000100111110000
0001110010111001001001110000
0001110111011101011000000010
0001110010111101101010100110
0001110111000011100001011001
0001110010111010101110111101
0001110110000110100011111111
0001110011100100010001011000
0001110101100101000010110101
0001110011100010000011111011
0001110110100010100100010111
0001110101100011010000011100
0001110101101000110110110101
0001110111000100101011010111
0001110011101110111100001001
0001110111101000100110010011
0001110101000110100100101000
0001110010111101110101011100
0001110010111110000101101001
0001110011110110010111000100
0001110011110010100000010000
0001110011000111000001000100
0001110010111101101001100000
0001110100110011111010001001
0001110011100111000001111001
0001110010111110000110111110
0001110001111110110110000111
0001110111011001011110111110
0001110101001110110001010110
0001110011111110011110110101