31407425
31631972
31805481
31808764
31805439
31166425
31809424
31294336
31130104
31665935
31808967
31216149
30579531
31052483
30821908
30403591
31906187
31773756
30775089
31874854
31468388
30730587
31682361
31576950
31454820
31754474
30963057
30812186
30983032
31854111
31635636
31004187
30964829
31567974
31535110
30585655
30620003
31123806
31579626
30999132
31807757
31807500
31806790
28123802
28654161
27477146
27979134
28220091
28899768
28958405
27611966
28546368
28996193
28519424
27917592
28472814
28469435
27848154
27539779
28452043
28598668
28591629
28394499
29024903
27734193
27434910
27433502
27794079
28471144
28466679
27511244
28148504
29013822
28456530
28515861
28544650
28471245
28468537
27549503
27538258
27584262
28473318
29008691
28469739
28387909
32039699
30984377
31910893
32377305
31917501
32452814
31626730
31956378
31805017
31534094
31807674
31778372
31806448
31808112
31551348
31040163
30956026
32195181
31808037
31172676
32025763
31662608
32065312
31376246
31726354
32007141
31403411
31188284
31807984
32107132
31806600
31421378
31081861
31201211
32355594
31463075
32588920
32208736
31808881
32709241
32329783
31837243
31805097
31809212
31934514
31804971
31278681
32537904
32627664
32777189
32713778
32689376
32552580
32774659
31437471
31807855
31806735
31470525
32629596
32638025
32656768
32240389
32552777
31337644
32743133
31806179
32223059
31257716
31883461
32574394
31814452
32238867
31853225
31806339
28468557
29136209
28411730
28472276
28310013
28472433
28851173
27991758
28683164
28469710
28471601
28579740
28469984
28433866
28473228
28322948
28470105
28724246
28457954
28469483
28472510
28863776
28788589
28843518
28471032
29715683
28650921
28673009
29373777
29111495
28470120
28667036
29611144
28467983
28469946
28886701
29597552
28328036
28340045
29532739
29135503
29673001
28412398
28651966
28560879
28968365
28431922
29033004
28533897
28708460
29349120
29586234
28568709
29205010
28368540
29785440
29549880
28815495
28516106
28336088
29070804
33240182
33268562
31806789
33238716
33277010
32621239
32035879
32697076
31735108
32427063
32366072
32776179
32532617
31807203
31805802
31806781
32182148
32345334
33261878
32911902
31807314
31960390
32192349
31944668
33179766
32973664
31976082
33159735
33088382
31966729
33504374
33284493
33238305
33476977
33116665
33162797
29434502
29616442
28988643
28803594
1368916
30160653
29550115
30125386
30936858
31845844
34266590
93553031
66592582
30142042
30375070
28892048
30383312
29222319
30273537
30139271
30404504
30137707
29028548
28944050
28869641
29451761
30141770
28989250
30073852
29786764
29535559
29031433
30115271
30369105
30015350
29180374
29290089
30100849
29071398
29168157
29074600
30407207
29988237
29857248
29080278
29375635
29725065
29080832
29289315
29192145
1312417
808375
1228719
105554
106955
29061643
29678014
29644771
29078100
33474190
30864191
30348881
33627876
123467233
30686436
29234604
29777000
32978938
33889281
32791368
32791904
32634344
33878870
34152421
34077139
33199260
34082232
33357630
32723362
33977739
32769380
29869797
29825428
29594080
30604640
29286497
29840137
30189139
30254925
30053838
30576785
29846461
30136958
30643226
30258861
30013829
30138488
30082863
30659374
29663870
29857068
29391868
30494855
30705746
30136096
30800794
30138573
30137987
30141848
30914630
29423693
30544837
30901250
29822842
30849527
30784216
30239703
30550382
31095217
29989641
30810745
30566516
29642305
30117899
29993859
30554952
30904635
30136965
30140084
29779544
30165991
30338274
30043630
30875393
30885377
30171137
30039076
31217019
29674177
30468345
30019852
30996778
30044873
30419541
29680826
30592808
31273374
30138178
30401901
29975646
30919492
31075557
31026054
31227838
30907432
29755888
30118512
31315458
30136998
31209561
30124989
30959871
30295128
30822581
30286075
31074583
30815260
30838197
31214295
30338825
31361427
30697768
30137692
30138729
30369220
30353424
30175300
30136928
30621321
30306425
30138814
29879687
31299518
30731350
