
0001111010110010011111010100
0001111011001010011000100011
0010000001100001001011101010
0001111001101011110010100110
0001111110100100001010000010
0010000000001000110000101100
0001111101100101110111001001
0001111100000100010011010010
0001111101100001111111001011
0001111101011001010110100100
0010000110111010001001010001
0001111100100110010100001111
0001111111110100111010010100
0010000100000000011101000100
0010000100110010101111100010
0001111100001001010111001010
0001111000100001001100111110
0001111000011110110001110010
0010000101100001100011000100
0001111111010110111101011100
0010000010111010011101101000
0001111110000110110011011010
0001111111010011100100010100
0001111110000101111010010010
0001110111001010100100010100
0001111101110101100011101101
0001110110100111101110010011
0001111011001001001001101010
0010000001010110000010001011
0001111100001010001101001111
0001111101011100111000100011
0001111111001111000111111010
0001110110110000110100111001
0001111110111100111001011101
0001110101010001000001110001
0001111111111111011111101011
0001111100010100010001010101
0001111100001001110111011110
0001111110010100101100010110
0010000010100000100110000010
0001110111001110000000110001
0001110111110001001011010010
0010000010000011001000011100
0010000011110011001111101100
0010000010010011011100001010
0001111101010011010101110101
0010000010011111100000110001
0001111110011111110101000010
0001110100100001010110100010
0001111000100000101100101001
0001110101010011111010001101
0001111000011101110001011111
0010000100100011011001111100
0001111111011111101011000011
0010000010001100011101001101
0001111100110010100010101000
0001111111011010010010111101
0001111101101010101010110011
0001111011101001001011000001
0001111010111101000011101011
0001111001010100000011011110
0001111100110011011011000110
0001111111000010011001010010
0001111111001111001110110010
0001111111011010001111100111
0001111011101011011000111000
0001111011011111000101111010
0001111100010001111101001111
0001111000101000110100111111
0001111100110110110100101111
0001110100111001011111111100
0001111101101100010010010110
0001111011111001011110000100
0001111101101000101001111001
0001111110010001110101110001
0010000100001111111110100000
0001110111000001100000001010
0001110111001011111110010000
0001111000010000000001011101
0001110111010010000000110110
0001110110001101100001110101
0001110100111111100010001001
0010000000110011001111101000
0010000101101110001010001011
0001111111100011100010010111
0001111111001101111100100100
0001111100011101000110010110
0001111110111010101101111010
0001111110001011101110101010
0001111110010001001010100101
0001111001000110000110111101
0001111100111101110101001011
0001111100101101111100000110
0001111011111001000010010101
0010000100011110000100110010
0001111111010100110011010010
0001111001110101110100011110
0001110100001011011100100011
0001111010010000001001010010
0001110101100010111111111011
0001110111111101110000101010
0001111111010010100110000101
0001110101011010111111001110
0001111100110011100101001011
0010000010110001110001000111
00011111011110111001110100010001111001111110111100100101
0001111100001110011001110001
0001111110001100000110110001
0001110110100010111010000101
0001110110010001011110001010
0001111010001101001111010100
0001111100010001000010110001
0001111000111100001101001010
0001111001110010011101110011
0001111011101101111000001111
0001111111111001100110111011
0010000000011111011000011111
0001111111010001010000001100
0001110101001011010111100011
0001111100111111001001000100
0001111110100100011011100101
0001110101101011001011011001
0001110101001101011001101101
0001111111011101010010100011
0001111101010101101001010111
0001111101110111001110111010
0001111010101001000001011010
0001111110011111110101110100
0001111001011001101110001110
0001111011100110111100100100
0001111101001000000011001100
0010000001010011111101110010
0001110110100001110010100101
0010000000001100011011110111
0001111011101101000110110101
0001111111011100011110101100
0001111111000101111110111110
0001110111101111011001011010
0001110101001010001100001010
0001111011001111100111111010
0001111110011010000010011010
0001111010111101111011111011
0001111111100010000000101101
0001111111010101101001011010
0001111101101000001101101011
0001111010001100101000000110
0001110101010011100100111001
0001110101000011101100111011
0001111000110100110101001011
0001111001111101100111010011
0001111001000100010011100000
0001110101001100010011001101
0001111110111010000001101011
0010000001100101010000011011
0001111011010110101010101001
0010000100010100000110100001
0001110101111111001001100000
0001110110101111010011000101
0001111101110011001011000100
0010000000000011100001010101
0001110110000010001010101010
0001110110111111010110110001
0001111101001100100010101111
0001110100101111100010010001
0001111100110001000101111001
0001111111010110110011000110
0001110110100110011111010010
0001110101101110100100101111
0001110101001101000011000111
0001110101100101011001011101
0001111110111110100100101111
0001111010011110000111101011
0001110101001011001010001001
0001110111010101110001101011
0001111110010011101111111111
0001110111010001100011101001
0001111101001011010101011000
0001110001010001010010101011
0001110101010110100110001010
0001111010011110101001000010
0001110111110101011010001101
0001111111000110100111101100
0001110110110111101110111100
0001111111010111010101111001
0001110110101001110000101111
0001111010001100111111100101
0001111111101000011110000011
0001110111010001011100111111
0001110101100110111111100011
0001111111011100110100111001
0001111111001111000100010101
0001111100111110111000010110
0001111001000000110111100101
0001110111011110101110101100
0001111111010011010010001001
0001111000001111001001111110
0001111111011011010110000000
0010000000001001011011100001
0001111010011110100001001000
0001110000110000101110101000
0001110110001110000010010101
0001111110101000011010000101
0001111011001101101001110000
0001111000100011010010010010
0001111011011011111000000101
0001110110011101101100011101
0001110101001100101000010110
0001110110101011100010001110
0010000000101010110111011100
0001101111010011110101101000
0001110001111010001100010111
0001110111111111111000100111
0001110111010111110011111100
0001111111011101010000000010
0001111001101111011010111001
0001111110111101110111001110
0001110101111011101100110010
0001110111011001100101100110
0001111111010000111100110101
0001111100110010000111001111
0001110111110000000010101010
0001110111110011100110000100
0001111101011110111010111000
0001111111011101010111000101
0001110111001010111001101000
0001111000010101010100011111
0001111111010010101000001001
0001111110100111000110101101
0001111111011010000100010001
0001111001000101111011101111
0001111000011111010101110100
0001110011111010101011011100
0001110000001101010110100111
0001111111010110100000111010
0010000001110101000100000111
0010000000001001011110100011
0001111111010101000110000101
0001111111010010110101111111
0001111111011101010001011011
0001111111101011001101001010
0001111111010011100111011011
0001110011101111010101101010
0001110010111110000100111111
0001110010101000000000111001
0001110110000111101010100111
0001110111011111110101001001
0001111001001010110100000011
0001111111010110011100101010
0001111010010100110010111011
0010000000011010011110100001
0001111101011110010101111101
0001110100111001010100000000
0001110001111011110101100100
0001110110001100000100101011
0001111111100110100000010001
0001111011001010101101010000
0001111111010101010011100110
0001111001000000110110000010
0001111001010001110110010011
0010000000011111011101101111
0001111111010001011010101000
0001101111101111101000100111
0001110010100110001001010010
0001110101111100011000100010
0001111111110101111100110110
0001111010110110100000000111
0001110111110001000000110000
0001110101100110011001101011
0001110110100000011011101011
0001111101001011100010110001
0001110110010110111000000111
0001111000110101000010001011
0001110110101101100001101101
0001101111001011011001100010
0001111110011111001111010010
0001111000000110011011100100
0010000001110010101111011111
0001111001110011001101011000
0001111111001011110010111101
0001110110100110101111001000
0001111001101011000111000010
0001110001000001010010011011
0001110010101101110111010001
0001110110101101000000011011
0001110100100100110000010110
0001111111010110000101100100
0001111000011010000110111001
0001111000011111101111000000
0001110111000111000001101001
0001110001110000110010100100
0001111000110111001101010000
0001110010101010111011111101
0001110000110111000110001111
0001110101001001111111000110
0001110001110111101100011010
0001110010100101111011001010
0001110110111001010111001010
0001111111010110111001100111
0001111110011000100001111000
0001111000000011000101111111
0001110111111000001001000110
0001110101000110110011000101
0001110011010000101110000010
0001110001110001100000101001
0001110001100111110001011001
0001110111011100000010000110
0001111010101000001010111001
0010000001001011101110100000
0001111000010111101000011111
0010000001110110101000110000
0001111001110001011110111110
0001110110001110110100111001
0001111001000111001011101100
0001110100011100010010000001
0001110000100110100000010100
0001111000000010111010101010
0001111110010111001101100101
0001111110110101101011110001
0001110111111100000111011110
0001111111010110110011111010
0001111000000000011110010001
0001110001101101011100000010
0001110111101011011001011001
0001110010100100111111110001
0001110011101000101010111000
0001110110011001110010100010
0001110010110111011101100101
0001111100110110011111100000
0001111010010010000001111100
0001111100101100110000000110
0001101111101111001010001110
0001110101011110010011010110
0001111001010100001110010000
0001110000100101000010110001
0001110011011110000110100100
0001110110100000100010001001
0001101111110010011111001100
0001110101011100001001011101
0001111011011111010110101111
0001111010011101110111010100
0001101111110110000101101010
0001110001011010001101100010
0001110000001001101001101100
0001110101010111000000100000
0001111011100001100111010100
0001110001110010100000100010
0001110100010110101101011000
0001110110110000001000110011
0001111111101010010110101101
0001111001000001011110110011
0001110000101110000111101001
0001110110010010000001010000
0001110000010101010010111011
0001110001001001010000011111
0001110001011111101100011000
0001110010100100100001010110
0001110010111010100010010110
0001110001010101010100100111
0001111100110101100000111011
0001110100011110110000110100
0001110001110011111111001011
0001110100111101111110110110
0001111001111101000010011001
0001110001010000011111010100
0001110001010101110101101011
0001110001000011101000001110
0001110010000100000101101010
0001111111110011100101111001
0010000000101011100011110100
0001101111111101010001100011
0001110110000110011001110110
0001110000011000001101000011
0001110101000010100011110011
0001110000111001011101010111
0001110010100011010101001001
0001110011000011010010001001
0001110010100100011011111100
0001110001010111001011100100
0001110000000001000001100110
0001111001100000101011000011
0001101111110010010011101000
0001110111001000100000111010
0001110010001101110101100011
0001110011101010011101010110
0001110001001111111000010100
0001110011011100110011001011
0001110010100011110101101000
0001110001110100110110110001
0001110100100000111100011010
0001101111100110011100110000
0001111010011011111111100000
0001101111110101000100110101
0001110000010011110110100011
0001111000000101110001111000
0001110101001110000001001101
0001110000001111110011110100
0001110001010100100011111110
0001110010110011010000000010
0001110011000001010111011001
0001111000100001110010111001
0001110010010100011010110100
0001110001000000110000000101
0001110100100000011010110111
0001110010100110010000111001
0001110010101110010101100100
0001110101001111101100111010
0001111010110100001100110001
0001110010100101001100110111
0001111010000001000000001011
0001110000010110101001101110
0001110110111101001000010110
0001110111000000101110001001
0001101100101110000010111000
0001110010100100000001010011
0001110010100100010101101110
0001110101000101101110100110
0001110100100101010110101011
0001110001011101101101110110
0001110000011110000011000011
0001110001101110100101101000
0001110111000101100110011110
0001111010010011101100111111
0001111001100110110011100101
0001101111000101100000001110
0001111001101111101010110101
0001110001010100110101101110
0001110011011010011101000110
0001110010110111110000000110
0001110011111010010100011011
0001110010100011001110000010
0001110111110110011000011011
0001110010110000001011001011
0001110010110101110010010110
0001110011111100001000110110
0001111010011100110001101000
0001110010101001000101000001
0001101110001010011001011000
0001110010100110001010100001
0001110101000111000110111000
0001110000000111110000011101
0001110011110000001001111010
0001110110101011001100100000
0001110010111001111111111001
0001111000111110111001010100
0001110011000001111000010000
0001110011100111000100110000
0001110110110010101110110000
0001110110110110011100011110
0001110010000011110001001011
0001110010010111100011100001
0001111000111010110000110111
0001110101110011100100101111
0001110001101110011111101011
0001110101100101100111111110
0001111000100011111010011110
0001110010000100101101100010
0001111001111000100101011111
0001110010100100000100111001
0001110101000010111101110001
0001101100110100001001010110
0001101111110010001011000111
0001110000001000110101111110
0001110101001110000101000000
0001110111111001000110100101
0001110001101110001100010001
0001110010100101100001000110
0001110011101110001011111001
0001110010100110001011010001
0001110010001110110110000011
0001110110100011000010101001
0001110001000001010010100110
0001110100100010000001111001
0001110010100111000010010100
0001101110000111001010101111
0001110010110110010101000000