32188372
32286243
33952490
31898790
33178242
33590316
32923081
32523474
32907211
32871844
35365457
32662799
33509012
34604868
34810850
32544202
31593278
31583346
35002564
33386332
34318184
33058010
33372436
33054354
31238420
32987373
31095699
32281194
33906827
32547663
32886307
33354234
31132985
33279581
30740593
33552363
32588885
32546270
33114902
34212226
31252529
31396562
34091548
34550764
34158346
32847221
34207793
33160514
30545314
31591209
30752397
31579231
34748028
33422019
34129741
32712872
33399997
32942771
32412353
32231659
31801566
32716486
33302098
33354674
33399783
32421432
32371066
32579407
31624511
32730415
30644220
32949398
32479108
32934521
33103217
34668448
31201290
31244176
31522909
31268918
30988405
30668937
33764328
35054219
33437847
33349412
32625046
33270650
33078186
33100453
31744445
32759115
32694022
32477333
34726194
33377490
31939870
30455587
32047698
30814203
31448106
33368453
30781390
32717131
34282567
32564849
33079729
31075973
31004554
32035796
32575665
31703882
31926131
32431631
33528251
33682975
33362956
30717411
32764484
33179365
30847705
30725741
33412259
32856663
32994234
32149594
33160564
31824782
32403236
32800972
33898354
31071397
33605367
32428469
33408940
33316798
31389274
30712586
32307706
33136794
32235259
33431597
33380954
32932715
32033286
30751033
30686011
31673675
31971795
31737056
30721229
33267819
33969179
32336553
34685345
30929504
31126725
32977604
33568853
30941866
31192497
32819375
30603409
32706937
33385670
31090642
30861615
30724295
30824029
33286447
32104939
30716553
31284331
33111039
31267049
32814424
29693099
30763402
32107074
31413901
33319404
31161276
33387897
31104047
32034789
33458051
31266623
30830563
33410361
33354005
32763414
31722981
31321004
33371273
31519358
33404288
33593057
32106568
29559720
30990485
33195653
32299632
31601810
32357893
31054621
30722582
31111310
33730012
29179240
29860631
31456807
31292668
33412098
31913657
33283534
30915378
31299942
33361717
32711119
31391914
31406468
32894648
33412549
31239784
31544607
33368585
33190317
33399057
31743727
31585652
30386908
29414823
33384506
34033927
33593251
33378693
33369471
33412187
33469258
33372635
30340458
30138687
30048313
30964391
31325513
31763715
33384234
32066747
33662881
32892285
30643456
29867364
30982443
33450001
32287568
33379558
31722882
31792531
33683311
33363624
29293095
30040658
30918178
33513270
32204807
31395888
30828139
31065835
32815281
31026695
31674507
31119469
29144674
33158098
31483620
34024415
31929176
33340605
31091656
31896002
29627547
30072273
31117339
30559254
33382756
31564217
31587264
31223913
29822116
31683408
30060285
29585807
30711750
29850394
30039754
31167946
33386087
33130616
31469951
31425094
30698693
30215042
29825065
29785177
31309958
32146105
33864608
31554079
34040368
31922110
30993721
31748844
30524545
29517844
31469226
33125221
33250033
31441374
33385722
31459217
29808386
31372889
30035953
30313144
31038626
30111589
32729056
32055420
32689158
29291150
30794966
31802256
29511857
30269860
31066249
29304780
30786141
32372143
32103892
29319530
29729634
29399660
30765088
32381396
29829154
30501720
31130163
33465773
31725491
29549033
31006800
29447355
29660191
29752088
30034006
30124182
29709607
32725051
30534708
29835211
30662582
31969433
29689812
29711723
29637134
29901162
33503609
33732852
29348963
30959222
29459267
30681331
29595479
30029129
30160009
30033660
29717220
29364326
31853251
29304040
31230010
29941091
30320470
29687316
30264523
30031208
29838769
30543642
29255472
32096224
29315381
29441443
31480952
30728269
29424884
29706494
30094338
30152153
31595705
29968052
29625349
30541495
30041145
30074212
30735162
32195377
30036791
31985675
29452910
31183382
31198089
28500152
30031955
30033262
30694310
30561707
29743990
29483203
29813096
31218078
32062271
31878373
29120526
31914677
29707630
30254918
30112774
30385435
30028674
31417883
30081739
30104726
30392886
32099432
30052673
28878424
30040737
30699960
29391901
30343802
31109920
30121977
31714900
30154256
30306608
31140784
31155998
29899851
29980897
31697975
30882095
29812715
30824958
31604382
29903714
31951199
30032185
30682993
28525142
29303495
29396350
30728512
31429029
29811473
30038086
30335737
30040785
29945219
31076521
29627558
30548089
30044308
28865199
