0000001111010010111100101010
0000010100010001100100110101
0000001110011111100100010110
0000001111101110001110100100
0000010010101100000111111010
0000010000100011111011101110
0000010000100111000000100111
0000010010111000101111010011
0000010100010010111110111110
0000010011011000011110010110
0000001111011111011011001111
0000010100000110011101011101
0000010001110000110100100101
0000010010010011010101100000
0000010100001101010000011110
0000010001111100010111100111
0000010011000101110110011101
0000010010111011100010010001
0000010000100101000111100111
0000010011010000111111011100
0000001110101000111001111111
0000010011100010001100010011
0000010010101010010100001100
0000010011001001100001011111
0000010000000111000010010100
0000010010010001001101000000
0000010100101001101100010011
0000010001000001010111111011
0000010011100000111011100111
0000001110110011011011001101
0000010011011001110001001000
0000010100100011110111000010
0000010000011010111101110111
0000001111000101100011101111
0000010000001110110100001011
0000010100111010011001111110
0000010010011001100011010100
0000010011000110111111101110
0000010011100111101101100101
0000010000110011001010101011
0000001110110000010110000000
0000010011111010010101000110
0000010001101010110001011001
0000010010101110011110011011
0000010100101111101100001110
0000010011010110111101001011
0000001111110100010010111110
0000010101000101000001001001
0000010010000010110000101101
0000010011000101010000101110
0000010000110011101101111011
0000010001011001101111111010
0000010000000111111111110001
0000010010011000100010110111
0000010101000101011111101011
0000010011110110101100001101
0000010100000010101100110100
0000010011000110101011110010
0000010011110001101101111101
0000010010010111101101011000
0000010011011100100011100110
0000010100111111111110111001
0000010010011001010001001110
0000010100111000100001001000
0000010011011000100010010101
0000010011111000111110110111
0000010011010011100010110011
0000010011100010010001101010
0000010100101011010100100010
0000010011011101011100001101
0000010011100001111010100000
0000010000110000111110011001
0000010001101100011011100000
0000010000110011110010110011
0000010011111111001100000101
0000010011100011011101010110
0000010100011101111011111110
0000010010101100000110010011
0000010100011100111010101100
0000010011110011110000111011
0000010011000000001100101101
0000010011110110011100111011
0000010011001111110001000110
0000010000111001110111100011
0000010011011111001110110100
0000010011011001010010010001
0000001111110111111110100101
0000010101001011010101000011
0000010100101110010001100011
0000010000101011110001010111
0000010010001100001011001100
0000010011101000101001010011
0000010001011101001000000101
0000010011011110000101010010
0000010101111001000000001001
0000010000101110110100000001
0000010011011101010100111110
0000001111110101101111000001
0000010011101011010010101101
0000010000001010110010111110
0000010101100010110011001100
0000010011101101010100111011
0000010001110100001011000001
0000001111101100011010110111
0000010001010111001101101001
0000010011010010110011111110
0000010010110011111101110011
0000010011101001110010001011
0000010011011110111110100000
0000010011001111011010001110
0000010111001000101000110111
0000010001010101111001001111
0000010110011010001001110110
0000010011110101001000101010
0000010000010011000101010001
0000010000011000111100100000
0000010010010111011101100000
0000010001001001011011111010
0000010010110000000101011011
0000010100101011011100011111
0000010100100100000110000011
0000010000101111000010110101
0000010000010010010100110110
0000010100011111011100000000
0000010101011001011101001111
0000001111011000010001101111
0000010011000101101000101100
0000010100011111011111100011
0000010011010101011011011001
0000010010100101101001110010
0000010011001010100100111001
0000001111111011011000000110
0000001111110111101011111111
0000001111100011011010111101
0000010011010110101101111001
0000010011100101011100011101
0000010011100011111010010110
0000010011010001110010111010
0000010000010100100110010001
0000010011100000110000010111
0000010011100111110001011001
0000010010110000100000011010
0000010011011000001110110101
0000010010100110110100001001
0000001111001101100111111001
0000010011011101101001011110
0000001111101010000000110011
0000010100001010101100011101
0000010001101011110111100111
0000010010010111101011001010
0000010010010010101001110001
0000010011010011001000011010
0000001111111110101011111100
0000010100001000111000101010
0000010011011001100101110100
0000010100101110111001111000
0000001111010000101011100011
0000010001110101111010010111
0000001111101000010111111000
0000010010010110110110001101
0000010101000010010000010010
0000010001110100011110011101
0000010011011011101010001011
0000010000100000000110000011
0000001111100100000011101001
0000010100010001000010011100
0000010001000111101110110110
0000010001000110100010000110
0000010010000010010000011111
0000010001011010111111111100
0000010010001011010010011110
0000010101000000110100110010
0000010011100000111111100010
0000010100010011101000000100
0000010000100001001100100110
0000001111011100010100001101
0000010011111110000001110110
0000010001100101000000100001
0000001111110100000100110000
0000010010110000101001110001
0000010000011101111011010110
0000001111001100101001111000
0000010001011111100100011101
0000001111110111011010010001
0000010100001011111101110010
0000010010001011100100011010
0000010100001101101110000000
0000010001010111010100111010
0000010011010111101100101010
0000010010110000001010101111
0000010011100111001000110100
0000010011010101010100101001
0000010011010111011111111101
0000010010110111100101111011
0000010011011110010011001011
0000010010001110011001110000
0000010000111010111111101011
0000010101000111000001101011
0000010000110100001000010011
0000010011111110111110100111
0000010011010100110101001010
0000010001101111100010010001
0000001111110011011001111101
0000010000010101110010011110
0000010001001010100100011010
0000010001010001100010110101
0000001111110110001011010010
0000010010110100110010111100
0000010000110101111111001100
0000010011011101010111001011
0000010010110100101100100001
0000010011110101000100001110
0000010101000001010100010100
0000001111110101101001011110
0000010011001100111011000110
0000010011100000001110011110
0000001111111000100011110100
0000010101000100001101011111
0000010100001110110000011110
0000010001011000100101000100
0000010101001000110001111011
0000010011011010011001000001
0000010011010110001010001010
0000010011011100000111111101
0000010011100111100010011111
0000001111011000110011101110
0000010000100110000011010100
0000010011101010110010011111
0000010001101100001011010011
0000010011100100000110100111
0000010001000010010101111001
0000010011010100111110000101
0000010100000101110111001000
0000010011101011000001101010
0000010011010011000100110000
0000010011100000000111111011
0000001111111101101101000000
0000001111001001010100110010
0000010011010110101010110101
0000010000000110011001111010
0000010011101001101001001011
0000010011001100111011100010
0000010011111000001000110110
0000010000001000000100110010
0000010001001010101001101010
0000010000011000110110001001
0000010000100110100011100001
0000010010011010101010111011
0000010010101010010111010000
0000001111001000010110000100
0000010000100001101001000101
0000010001100110101110000101
0000001111100101010101100111
0000001111110111010001000010
0000010010110010110100111111
0000010011111001010000100001
0000010011001111011101110101
0000010011101111001101100100
0000010001111000111101111011
0000010011111001101101001011
0000001111101100000010110001
0000001111110000011010111101
0000010100101000100110000010
0000010011101001011010101110
0000010010010010101100111010
0000010101000100001101111110
0000010011010110001111111001
0000010011101110011101000101
0000010011010000111101101111
0000010000000111101111110100
0000010001011111101111101111
0000010000101110000010100011
0000010011010101111010010001
0000010010011101101101011001
0000010011110010000010100010
0000010101100001100010101000
0000010101011101110110100101
0000010011011011011100011011
0000010010110000000101110011
0000010011110110001110001101
0000010011011110111110000010
0000010011010101100010101010
0000010101000100100011000001
0000010011011111101111010100
0000010100111010111101100011
0000010000110001111011110100
0000010001100001111011100011
0000010101100100101011001001
0000010101110010101001100111
0000010001111110000110110001
0000010101101100100001111010
0000010000101000000011000000
0000010011100000101001000000
0000010011100001100001010011
0000010010101101101010011110
0000010011100011001011100011
0000010011010110101101100111
0000010011011011000010001100
0000010011011111010011111101
0000010011100000010010000110
0000001111100001110010011011
0000010011011100111110100011
0000010000101011011011010101
0000010101001110110111000011
0000010011011010100101010101
0000010000000100001110011001
0000010010011000000011110000
0000010100010000000010111011
0000010000111100110000101001
0000010011110000010011010001
0000001111110100111010101110
0000010010011000011010110001
0000010100111011101010111100
0000010010101000011111100011
0000010100101011100011011001
0000010010001010110111100000
0000001111100000101011010000
0000010000011111010111100111
0000010100001111001010011100
0000001111101100000011101101
0000010010110101110101001110
0000010011010111110100001111
0000010101001000011011111101
0000010000010001100100100011
0000010010011001101010100100
0000010011000010011011011011
0000010011001101111101000100
0000010010100001111010000100
0000010010011100100011110100
0000010010010100010001100110
0000010000011000110011110000
0000010011000010001001010011
0000010011111111001000010001
0000001111110100111111101100
0000010000011100011010111010
0000001111011000111011110001
0000010010001010110101011001
0000010011110110101011000011
0000010100011000010000111001
0000010011001100001111011100
0000010011100010010111011100
0000001111101000011010010110
0000010011011111011111000011
0000010011111111011100010010
0000010010001111110111010100
