4009770
5314869
3799318
4121508
4899322
4341486
4354087
4950995
5320638
5080982
4060879
5269341
4656421
4797792
5297182
4703719
5004701
4962449
4346343
5050332
3837567
5120787
4891916
5019743
4223124
4789056
5413651
4462075
5115623
3880653
5086280
5389762
4304759
3954927
4254987
5482110
4823252
5009390
5143397
4403883
3868032
5219654
4631641
4908955
5438222
5074763
4146366
5525577
4729901
5002286
4406139
4561914
4227057
4819127
5527531
5204749
5253940
5008114
5184381
4815704
5097702
5504953
4822094
5474376
5081237
5214135
5060787
5121130
5420322
5101325
5119648
4394905
4638432
4406451
5239557
5125974
5365502
4899219
5361324
5192763
4981549
5203771
5045318
4431331
5108660
5084305
4161445
5551427
5432419
4373591
4768460
5147219
4575749
5103954
5738505
4386049
5100862
4152257
5158061
4238526
5647564
5166395
4670145
4114103
4551529
5057790
4931443
5151883
5107616
5043854
6064695
4546127
5874294
5198378
4272465
4296480
4814688
4495098
4915547
5420831
5390723
4386997
4269366
5371648
5609295
4031599
5003820
5371875
5068505
4872818
5024057
4175366
4160255
4077245
5073785
5134109
5127830
5053626
4278673
5114903
5143641
4917274
5079989
4877577
3987961
5102174
4104243
5286685
4636135
4815562
4794993
5059098
4188924
5279274
5085556
5435000
4000483
4677271
4097528
4812173
5514258
4671389
5094027
4325763
4079849
5312668
4488118
4483206
4727839
4567036
4764830
5508402
5115874
5323268
4330278
4048141
5234806
4608033
4145456
4917873
4316886
3983992
4585757
4159121
5291890
4765978
5299072
4551994
5077802
4915887
5141044
5068073
5076989
4946299
5104843
4777584
4435947
5533803
4407827
5238695
5066058
4651153
4142717
4283550
4499738
4528309
4154066
4934844
4415436
5101003
4934433
5198094
5510420
4151902
5033670
5112734
4163828
5522271
5303326
4557124
5540987
5088833
5071498
5095933
5142687
4033774
4350164
5155999
4637395
5128615
4466041
5066629
5266888
5156970
5058864
5112315
4184896
3970354
5073589
4220538
5151307
5033698
5210678
4227378
4500074
4296073
4352225
4827835
4892112
3966340
4332101
4615045
4085095
4158530
4926783
5215265
5044085
5174116
4689787
5217099
4112561
4130493
5409154
5150382
4795194
5522302
5071865
5171013
5050223
4226036
4586479
4382883
5070481
4840281
5185698
5642408
5627301
5093147
4915571
5202829
5107586
5068970
5523649
5110740
5484387
4398836
4595427
5655241
5712487
4710833
5687418
4358336
5114432
5118035
4905630
5124835
5073767
5091468
5108989
5112966
4070555
5099427
4372181
5565891
5089621
4211609
4817136
5308603
4443177
5178577
4148910
4818609
5487292
4884451
5421273
4763104
4066000
4322791
5304988
4112621
4939086
5078287
5539581
4266275
4823716
4990683
5037892
4857476
4835572
4801638
4295920
4989523
5239313
4149228
4310714
4034289
4762969
5204675
5342265
5030876
5121500
4097686
5109699
5240594
4783572
