33268482
28789062
33388014
30871315
28307477
28411919
28094715
28194546
31829115
29919338
29650920
30345921
28462335
27385303
27763195
26112037
26240137
25642708
29112200
30004344
28358193
28623785
27326718
29977470
28285661
28794601
32361564
31440115
27925940
27833726
30922952
29059937
31809683
26851002
27711209
29264431
27551530
29164533
27326203
28821098
28309463
32697489
28402660
29000464
29883232
29593801
27511502
29497151
29225045
28262034
30939577
28438295
26682768
26667081
28750750
28378605
29998374
27694819
28243991
27460922
26610094
26642761
26706069
26649162
28221625
28202742
28445535
29275224
29388903
27680680
29437355
28144823
29475142
28047221
26036521
28599460
29271222
27403813
29347427
29200034
28665239
26520930
26689725
29229712
26674661
25752511
29454237
27946151
26969922
31693818
28816826
29998174
26521550
26668323
28076255
26835796
28763824
26195633
29545186
28207702
30218070
30497437
28202502
28456949
29979310
27573558
28979984
28725141
26534983
31939966
28382592
29636285
29649421
28255335
26694987
29285902
27674361
26651434
26667481
29675349
28444790
29646750
28973029
29535321
31522824
28846526
28636044
28740855
28768471
29241852
29019757
27820760
27215884
28004810
27708286
28583695
29158889
27156980
29747811
26717390
26676329
28042693
29996690
28909591
28622157
29478422
27330541
29456818
26678147
26660873
26665309
26662947
28462896
28195067
28095850
28572979
30000284
29998293
29997669
31381118
30404303
28213023
28456406
28202624
26670635
28454516
28202128
26670265
26655390
29998255
30004169
31787910
29986878
28232787
26655343
28465563
28189441
26683497
28449186
28216682
26653768
26668693
26669821
30001575
30000938
29962369
27129417
29616643
27022618
26733589
26634210
26307588
28532815
28447822
26667717
26327686
30948779
31529490
28463662
29563857
27104157
28195646
28467367
28201158
28436911
26673427
26681589
28190701
28471959
31534035
29987480
29998060
30015966
28454499
28210981
28457252
26652835
26665102
26677301
28197117
29996181
28639157
29993196
29998417
29996254
30001630
29978737
26711280
26629652
28101325
28555520
26681149
28069752
28595316
26660230
31777837
28223239
29995523
31467593
28518196
28512247
28165881
26665085
26647194
26668563
26675726
26670985
28455639
29990720
28214944
29999905
29995770
28013367
28653866
26659774
28460056
28185579
28480470
28209664
26666111
26652405
28624187
28033415
30000779
30007437
27233529
29445079
26656329
26654724
28625019
28088886
28576497
28084315
27032748
26669726
30010564
29603382
30385702
29994767
26723345
26658594
28191148
28458042
26669999
26672639
28200608
28453012
29997281
30003368
29993271
31543401
30008204
29994354
30000867
28451574
26669667
26664093
28205970
28458904
29995555
29998588
30152359
30013515
29987255
29994708
27242573
30823245
28609262
26664899
26648828
26687341
26653818
26666933
31483133
30311799
29610230
30045693
30331800
28212998
26671738
26661585
26661429
28454202
28168655
26705452
26663221
29989949
31803175
28201990
29992117
29997419
27173217
29502441
26671711
26641023
28479594
28202698
26661115
26670617
29662348
29999008
29999069
29996749
27149725
29522092
26639200
26705862
26644932
28600849
28050007
27063592
26285991
26650340
30001706
30019251
30028833
27227221
29791742
30003296
26762592
26620572
26621957
28179723
29997901
28478694
26657305
29978228
30008408
30005343
30005048
30000153
29996191
26713894
26650706
24842610
28433164
26692978
26658845
26661494
26677125
29999506
29998872
29994313
29997065
30151733
30002912
26723739
26648189
26629206
26666898
26658879
28046628
28617209
29994194
30006407
29995460
29996354
30003303
31419318
30362707
28209008
26656384
26677861
26660067
28464237
28202766
26673526
29996119
29998167
29995764
29997256
29985823
27159605
29508880
26672913
26664211
26665354
28464587
28208761
26652852
29996698
30003838
29999886
30008278
29964043
27141940
29555735
26669573
26668770
28596741
28075029
26697430
26635362
26655588
31922791
28054016
30001577
29896213
27182828
29990065
29554361
28664746
28442270
26676518
26671024
28202810
28454905
29999188
29994806
30004269
29992643
30002457
29996771
29495511
27172862
26664120
26652859
28219301
28448811
26658631
26684084
29988412
29987358
30012375
29981415
30018232
27535628
29119857
26830823
26671109
26670132
26643784
26657765
28072319
28611601
