
0001111110111010001100000010
0001101101110100100101000110
0001111111010111010111101110
0001110101110000111100010011
0001101011111111000000010101
0001101100011000100000001111
0001101011001011000011111011
0001101011100011011011110010
0001111001011010110001111011
0001110010001000100001101010
0001110001000110111111101000
0001110011110000101011000001
0001101100100100110011111111
0001101000011101110111010111
0001101001111010000111111011
0001100011100111000000100101
0001100100000110010010001001
0001100001110100011011010100
0001101111000011011110001000
0001110010011101010001111000
0001101100001011011000110001
0001101101001100001110101001
0001101000001111100011111110
0001110010010110101101111110
0001101011111001101011011101
0001101101110101111011101001
0001111011011100110001011100
0001110111111011110011110011
0001101010100001110110110100
0001101010001011010101111110
0001110101111101100011001000
0001101110110110101101100001
0001111001010110000010010011
0001100110011011011010111010
0001101001101101011011101001
0001101111101000101000101111
0001101001000110011100101010
0001101111010000001111110101
0001101000001111011011111011
0001101101111100011001101010
0001101011111111011111010111
0001111100101110110010010001
0001101100010110001111100100
0001101110101000001100010000
0001110001111111101101100000
0001110000111001000011001001
0001101000111100101011001110
0001110000100001011100111111
0001101111011111000001010101
0001101011110011111010010010
0001110110000001100110111001
0001101100011110111100010111
0001100101110010010110010000
0001100101101110100001001001
0001101101101011001110011110
0001101100010000010111101101
0001110010011011110100100110
0001101001101001011011100011
0001101011101111100000010111
0001101000110000010100111010
0001100101100000100110101110
0001100101101000100101001001
0001100101111000000010010101
0001100101101010001001001010
0001101011101010000010111001
0001101011100101011011110110
0001101100100000101101011111
0001101111101011010001011000
0001110000000111000001100111
0001101001100101111110101000
0001110000010010110110101011
0001101011010111010010110111
0001110000011100000101000110
0001101010111111011101110101
0001100011010100100100101001
0001101101000110010010100100
0001101111101010010010110110
0001101000100010011000100101
0001101111111100111001100011
0001101111011000111010100010
0001101101010110010110010111
0001100101001010110101100010
0001100101110100000010111101
0001101111100000001010010000
0001100101110000010111100101
0001100010001111001110111111
0001110000010110111110011101
0001101010100110110010100111
0001100110111000011101000010
0001111000111001101111111010
0001101101111011010110111010
0001110010011011110001011110
0001100101001010111111001110
0001100101101110110100100011
0001101011000110100011011111
0001100110010111101101010100
0001101101101110011010110000
0001100011111011011010110001
0001110000101101001011100010
0001101011100110101001010110
0001110011010001011101010110
0001110100010101101010011101
0001101011100101011000000110
0001101100100011011111110101
0001110010010111001010101110
0001101001001011110100110110
0001101110100011001100010000
0001101101100100111110010101
0001100101001110010001000111
0001111001110101110101111110
0001101100010001010110000000
0001110001000011011010111101
0001110001000110101000001101
0001101011110010010001100111
0001100101110101010101001011
0001101111101101111000001110
0001101001100100011011111001
0001100101101010101100101010
0001100101101110100111011001
0001110001001100111101010101
0001101100100000100001110110
0001110001000101111110011110
0001101110100001011111100101
0001110000101010110001011001
0001111000010000000000001000
0001101110000010100110111110
0001101101001111001110001100
0001101101101000110011110111
0001101101101111100011010111
0001101111100011000111111100
0001101110101100111001101101
0001101010001000001011011000
0001100111110100100000001100
0001101010110101000111001010
0001101001101100101101111110
0001101101000010011100001111
0001101111001110110111101001
0001100111100110000111110100
0001110001011110101001100011
0001100101111010110011001110
0001100101110000110001101001
0001101010111110010111000101
0001110010011011011010010010
0001101110010010000000010111
0001101101001011110101001101
0001110000011100111000010110
0001101000010000011111101101
0001110000010111100110110010
0001100101110001001110000011
0001100101101101000000001001
0001100101101110000101011101
0001100101101101100000100011
0001101100100100111100110000
0001101011100011100011111011
0001101011001011010101101010
0001101100111111110100110011
0001110010011100010010011100
0001110010011011110011010101
0001110010011011101001100101
0001110111101101011001111110
0001110011111110111011001111
0001101011100111111100011111
0001101100100011010111010110
0001101011100101011010000000
0001100101101111011000101011
0001101100100010111001110100
0001101011100101010010010000
0001100101101111010010111001
0001100101101011101010011110
0001110010011011110010101111
0001110010011101001111001001
0001111001010000101110000110
0001110010011001000000111110
0001101011101100110001010011
0001100101101011101001101111
0001101100100101100110011011
0001101011100010001100000001
0001100101110010100001101001
0001101100100001100110100010
0001101011101000110101101010
0001100101101011010001001000
0001100101101110111010010101
0001100101101111001011111101
0001110010011100100110100111
0001110010011100011100101010
0001110010010011000010000001
0001100111011111011001001001
0001110000111110101000000011
0001100111000101010100011010
0001100101111110110000010101
0001100101100110011111100010
0001100100010110110000000100
0001101100110110000001001111
0001101100100001010001001110
0001100101101110101011000101
0001100100011011101010000110
0001110110000011110110101011
0001111000010001101000010010
0001101100100101001000101110
0001110000110001101111010001
0001100111011001001110011101
0001101011100011101100111110
0001101100100110000010100111
0001101011100101000011000110
0001101100011110100110101111
0001100101110000000100010011
0001100101110010000011110101
0001101011100010011111101101
0001101100100111001010010111
0001111000010010101111010011
0001110010011001001010011000
0001110010011011101111101100
0001110010100000000111011110
0001101100100010111001100011
0001101011100111011100100101
0001101100100011100100100100
0001100101101011000010100011
0001100101101110000010001110
0001100101110001000000110101
0001101011100100000011111101
0001110010011011010010010101
0001101101001111111110110101
0001110010011010100011101100
0001110010011011110101010001
0001110010011011010011011110
0001110010011100100111011110
0001110010010111000001110001
0001100101111001010011110000
0001100101100101011000010100
0001101011001100101011001101
0001101100111011100100000000
0001100101110001111100111101
0001101011000100111101111000
0001101101000101010001110100
0001100101101100110110000110
0001111001001110010000101101
0001101011101010011100000111
0001110010011011001000000011
0001111000000010100001001001
0001101100110010011100110100
0001101100110000111111110111
0001101011011100011011111001
0001100101101110000001111101
0001100101101001101010011010
0001100101101110111000010011
0001100101110000101000001110
0001100101101111011110001001
0001101100100011001011010111
0001110010011001111101000000
0001101011101000011010100000
0001110010011100001100100001
0001110010011011001011111010
0001101010110111001100110111
0001101101010011100100101010
0001100101101100101110111110
0001101100100100010000011000
0001101011100001001111101011
0001101100101001001111010110
0001101011100111001000000000
0001100101101110010001111111
0001100101101010111011110101
0001101101001100010100111011
0001101010111100000110000111
0001110010011100011010001011
0001110010011110000010001101
0001100111111000110011111001
0001110000010100101111010111
0001100101101011111001001001
0001100101101011100000000100
0001101101001100100001111011
0001101011001001101000110110
0001101101000000101011110001
0001101011001000100001011011
0001100111000111110010101100
0001100101101111001010011110
0001110010011110110011000100
0001110000111011011000110110
0001110011111010011000100110
0001110010011010111100001111
0001100101111100010000010001
0001100101101100011100100010
0001101011100010100110101100
0001101100100011110000111010
0001100101101111001110101111
0001100101101111110111111111
0001101011100100111010100000
0001101100100010100010010100
0001110010011011100011100001
0001110010011101000010101000
0001110010011010100100110111
0001111000010101000001101001
0001110010011110001110001100
0001110010011010110101110010
0001110010011100011011100011
0001101100100010001011110110
0001100101101111001001100011
0001100101101101110010011101
0001101011100110001110010010
0001101100100011111110011000
0001110010011011001000100011
0001110010011011110111111100
0001110011000001011010100111
0001110010011111100001001011
0001110010011001000110110111
0001110010011010111011010100
0001100111111011000001001101
0001110101100101001101001101
0001101101001000101011101110
0001100101101101111111000011
0001100101101010000011111100
0001100101110011011101101101
0001100101101011010001111010
0001100101101110011110110101
0001111000000110010011111101
0001110011101000010101110111
0001110000111101000011110110
0001110010100111010111111101
0001110011101101001110011000
0001101011100111111100000110
0001100101101111101001111010
0001100101101101001011010001
0001100101101101001000110101
0001101100100010110100111010
0001101011011101000111001111
0001100101110111111000101100
0001100101101101100100110101
0001110010011001110000111101
0001111001010100011100100111
0001101011100101010000000110
0001110010011010010010110101
0001110010011011100101101011
0001100111101010000101100001
0001110000100010101111101001
0001100101101111101001011111
0001100101101000001001111111
0001101100101001000001101010
0001101011100101011011001010
0001100101101101000011111011
0001100101101111011000011001
0001110001001001110010001100
0001110010011011111110100000
0001110010011011111111011101
0001110010011011011011001101
0001100111100100010110011101
0001110000100111100010101100
0001100101100111101101100000
0001100101110111111111000110
0001100101101001000111000100
0001101101000110101000010001
0001101011000000001001010111
0001100111001111010100101000
0001100100010001011110100111
0001100101101010011011100100
0001110010011100101000101010
0001110010100000111010110011
0001110010100011010000100001
0001100111110111010001010101
0001110001101001010111111110
0001110010011101000001100000
0001100110000101110101100000
0001100101100011001010011100
0001100101100011100000000101
0001101011011111110100001011
0001110010011011101101001101
0001101100101000110011100110
0001100101101100001000011001
0001110010010110111001110100
0001110010011110010001011000
0001110010011101100001011111
0001110010011101011100111000
0001110010011100010000011001
0001110010011011010010011111
0001100101111001111100100110
0001100101101010100001010010
0001011110110001000101110010
0001101100011101101100001100
0001100101110100110101110010
0001100101101100100000011101
0001100101101101001001110110
0001100101110000111110000101
0001110010011100000110010010
0001110010011011111100011000
0001110010011010110101001001
0001110010011011100000001001
0001110011000001010000110101
0001110010011100111011100000
0001100101111100010110011011
0001100101101001111001111101
0001100101100101010001010110
0001100101101110011110010010
0001100101101100100000111111
0001101010111111010100100100
0001101101001010100111111001
0001110010011010110011010010
0001110010011101110010000111
0001110010011011000111000100
0001110010011011010101000010
0001110010011101000001100111
0001110111110110101110110110
0001110011110100110001010011
0001101011100110111101110000
0001100101101011111010000000
0001100101110001001001100101
0001100101101100110011100011
0001101100100101010001101101
0001101011100101011100001110
0001100101110000000101110110
0001110010011011010001010111
0001110010011011110001010111
0001110010011011001011110100
0001110010011011100011001000
0001110010011000110000011111
0001100111100110110000110101
0001110000100100010100010000
0001100101101111111100010001
0001100101101101110100010011
0001100101101110000110001010
0001101100100101010111001011
0001101011100110111001111001
0001100101101011000010110100
0001110010011011011010011010
0001110010011101001001111110
0001110010011100001100001110
0001110010011110001111010110
0001110010010011011100001011
0001100111100010011100110100
0001110000101111110000010111
0001100101101111001000000101
0001100101101110111011100010
0001101101000101101000000101
0001101011000110010000010101
0001100101110101111011010110
0001100101100110110001100010
0001100101101011101101100100
0001111001110001101001100111
0001101011000001001000000000
0001110010011100100110101001
0001110010000010111000010101
0001100111101100011011101100
0001110010011001110010110001
0001110000101111011010111001
0001101101010110001110101010
0001101100011111111010011110
0001100101110000110100100110
0001100101101111011110110000
0001101011100101011100111010
0001101100100010111111111001
0001110010011100000001010100
0001110010011010111100110110
0001110010011101010000101101
0001110010011010011011000011
0001110010011100110100011001
0001110010011011011011100011
0001110000100001000011010111
0001100111101001111111111110
0001100101101101110010111000
0001100101101011000010111011
0001101011101001011110100101
0001101100100001100000101011
0001100101101100011101000111
0001100101110010101010110100
0001110010011001011000111100
0001110010011001001000011110
0001110010011111001111010111
0001110010010111101011100111
0001110010100000101010111000
0001101001000010100100001100
0001101111000101010101110001
0001100110010110011111100111
0001100101101111100000000101
0001100101101111010000110100
0001100101101000110101001000
0001100101101100001111100101
0001101011000101100101111111
0001101101001001010000010001
0001110010011010100111100010