0000100001100100001010000111
0000011100100111010011011011
0000011001101111110100010000
0000011101010010111000101011
0000011100101101111110110101
0000011100111100100110011001
0000011011110101110110100000
0000011010110011000011000100
0000011001110001001000111101
0000011110000000010111001101
0000011100011001101110000011
0000011000000011011110111000
0000011011110010001001000000
0000011101100011000110101111
0000011010110101001011111110
0000011110100101000001110101
0000011010011011101000111010
0000011001101000110001001001
0000011001000000100001000010
0000011011110000010111011111
0000011011110011001110101110
0000011000100100111110001110
0000011011001111110110000000
0000011010101110110101111110
0000011101100010111100101000
0000011110011000100000101000
0000011100000101101101100110
0000011011011101011001111100
0000011111010011010000011001
0000011000110001011100100110
0000011110001011011010010010
0000011011011101101011010100
0000011100111000111110010100
0000011000100101111001000001
0000011010111100001110100100
0000011011111100011001101000
0000011000110001111111110101
0000011011100101110001100110
0000011001100100000011010111
0000011011001000011101000110
0000011010011000001000101111
0000011110010001000111001111
0000011011111000000000100111
0000011100001011100110010111
0000011011000001010110110010
0000011010100000011000001010
0000011010111101111101001111
0000011011000000010010010010
0000011010010010111001001101
0000011110100111101010010101
0000011110111100010011000010
0000011011001101100000110010
0000011010011001001001111101
0000011100100111100010110001
0000000110010110101101101100
0000011011111000011001000000
0000011101111011101101000011
0000011000001111111010110011
0000011101100111100011111100
0000011011010111010010010110
0000011100000110011110101011
0000011010111100010100110001
0000011010011110011001110101
0000011011100001101000001000
0000011010010001001101110111
0000011011101010111011000010
0000011101100111010100111111
0000011101001101000010100110
0000011100001011111110001101
0000011011000101110011000011
0000011010110101011101111000
0000011010011011101001111101
0000011011000100000100010011
0000011011010101010011000111
0000011101011010100110101100
0000011100001101000101000101
0000011011011100010110111101
0000011101000000101101100111
0000011011010011100100010011
0000011110011011000100001100
0000011011001110100111001011
0000011110000110110100010100
0000011010110111011100100110
0000011110010100100011001000
0000011011111111101001001111
0000011100010110101110001001
0000011010011111101110001100
0000011011011100111111101011
0000011011011101111100010001
0000011011010001010001100110
0000011101000010000001000001
0000011110101011101111101110
0000011100110010101111001011
0000011100011001010110100001
0000011101000001000100111001
0000011000011111111010110001
0000011011000110010110010001
0000011011001100101000000010
0000011011000010100010100001
0000011110010111000110000001
0000011001111100110110001111
0000011001100111000011100010
0000011110001110001110001111
0000011101101100100101010110
0000011011010000101001101011
0000011101000010100111101000
0000001111011100100100000010
0000011101100100100000010001
0000011011100011101100001100
0000011000111011001001111110
0000011011010101110101001010
0000011100101110000100111000
0000011100111011100111010010
0000011010001110111100100100
0000011010101001101100100011
0000011110001100000011000011
0000011010010111011110010011
0000011010001101100110010011
0000011110010000100011010101
0000011011100100101100100010
0000011110100011010110100111
0000011011111111111101111110
0000011010110001101101110100
0000011001101000010101111101
0000011001000111000001010011
0000011011011110011000100011
0000011011010001111001000010
0000010111010010110110111000
0000011010110000100100100110
0000011011101000000010000000
0000011100001111000001100011
0000011101001100010111010011
0000011011001110110101000001
0000001100110010000000111101
0000011010100100001000111011