0000011000100010010000010100
0000011000010011000100001011
0000011001101110000111101001

0000011001110010110110101010

0000010110110110010101001110

0000011000101101101100011111

0000011101010100111100010100

0000011100000110111101111100

0000010101111101010010110101

0000011100010100010010001000

0000011000101100000010010001

0000010111001011100101000100

0000011101110111100101010000

0000011010011111011010100001

0000011001000111001110111110

0000011010111000001101000100

0000011001100010100110000000

0000011010100011000011100000

0000011000011000000001000000

0000011010111100011010000000

0000011000111111010000101101

0000010101111011101100110101

0000010110010100001001011000

0000011100100001001000101010

0000011010010101110000011010

0000010110011111101011011000

0000010110101010001000010011

0000011011010001110111001011

0000011011111110011110001110

0000011010010111001101000000

0000011000100001110110000001

0000011000100001100100101100

0000011100111111011001001000

0000011001000100011001110000

0000011010111110010110001011

0000011010000011000101111000

0000011100000001001011000011

0000011011010001101100001010

0000011001001000111100111110

0000010111110111010001001100

0000011100100011111010000111

0000010100000000101101110010

0000011001100111100010111000

0000011000010111010000101100

0000011100001110101011001100

0000011000000100010110111101

0000011101010000101101011110

0000011000011000110011011101

0000011011101010110000111101

0000010111011100101011111100

0000010110000111001111001000

0000011000101010100100101111

0000011011101000101000111010

0000010111110010111110111001

0000011010010111100011101010

0000011001111000011101001001

0000011110000011110010100110

0000011110010101100101011100

0000010111101011110101000111

0000000000000000000000000011

0000011110110011100011110101

0000010100011000111001110101

0000011011001111100011100111

0000011001111100001110010010

0000011000101101011000100011

0000011010011110110011100110

0000011010011101100111011010

0000010111001110111110010111

0000011110101001101000110010

0000011010111101001110110101

0000011100001110010101010001

0000011110110100010001011011

0000010110010000110111001010

0000010111111011110100100001

0000011101110111110010010100

0000011100100101110000110111

0000011011000000001110001010

0000011101111001101101011010

0000011011011011101111011000

0000011011101010111001101011
