21464431
19759472
22048171
23107040
20831831
22678194
22627552
20264885
20377464
23343905
22176739
22909539
22373173
21368339
21248184
22184690
20734327
19783279
21073135
20022004
21784249
19865912
20769490
21863536
23592135
22655721
23688405
20738936
21065957
22579381
21838863
21661403
22509665
20188206
21253515
21331062
22173765
21928032
21407467
22890435
22478974
20315066
23796235
22677322
20157472
20872046
21581192
21274223
20889560
23427719
22185603
21884133
25243441
21675011
21904484
23785764
20203302
24022807
22837486
23226287
21362389
22211725
23445931
23315767
21158150
23040019
21523446
22259824
21915618
24446226
23406338
25109103
21956209
22828465
22360944
21367415
22827213
21240296
20769316
21944405
20334837
18883046
18037605
18083673
15817726
18535656
20182237
18498741
16025447
15266068
17643927
14518640
16623887
19748955
15002311
18158231
19216087
16360607
17302553
17795977
17165166
14301659
15801583
18294317
15441673
17605105
19372638
18280710
18290395
19726694
18733429
16712429
17185740
18108454
20057510
19305225
17545917
19368584
16875572
15824007
15462245
16178901
19058721
16115681
19799153
17077402
16823301
16249506
17323652
15054772
17476602
16339195
14471611
16571940
15623967
18372875
19566042
19215561
19821642
19781523
17296732
16337644
16523165
16012253
17809488
15637927
15152766
20212298
16415560
16187652
15165882
19741267
16825268
17766359
18950144
19787223
18392038
16478523
19889218
16142842
15066554
19559801
16096581
15392511
19466095
19454680
17310792
17843174
18185300
17361123
15249774
17549501
17977098
17776002
16936518
19166810
16263790
15731910
16808235
16400229
19279062
18290975
19401264
15430015
15618201
19081520
17653219
17795113
20359727
18141093
18776354
17956823
19500901
16200805
20680234
16561957
20305886
15659191
20207542
18341685
17208216
20015611
19572924
16045704
15785743
20297211
17650818
19646342
16806793
16221598
15287161
17203634
15791805
15263278
17000610
15665285
18647344
17128854
19493081
15705877
19605008
16919161
17375223
19066632
19082880
15977544
16826516
19940020
15738154
20029328
17545205
19823209
17030863
16720077
16559480
18458436
18376254
16133506
16460913
17960289
19642118
15808553
18372274
18543429
19497587
16012800
17287747
15577255
21128968
16686545
17676901
18785819
16100933
18296702
14793418
15817589
19423960
18451868
16165875
17641964
18681250
18243454
18630307
18572081
19095967
20186552
17815388
16897473
16163496
19147458
15020989
15543381
16680786
16803562
18465473
18613390
19138239
16719094
16594737
19978754
18149146
18955684
17541517
15038409
16161604
17193386
18394779
19295049
17709611
19969036
19115669
16245784
18510131
16115838
