
0000101011001111011011010001
0000101001010000001010001110
0000100110110101010110101010
0000101011111100100111001100
0000101100011001111101010001
0000100111101100100100101110
0000100111011110101010010100
0000100110110010000100010100
0000101011000100011111010111
0000101011010110100001101011
0000101000110100010010010100
0000101010101011110010000101
0000101000101011100110101110
0000101000110011011001010001
0000101000001111111110001110
0000101001001011010100001011
0000101001011110110101000010
0000101101000011001110001001
0000101010001110000010010110
0000101000001000010111111110
0000100111100100110010001001
0000101000110000101000100111
0000101000101100010110000010
0000101011000110000101010100
0000101010011000110111010110
0000100111110010000110001100
0000101010110110100001010100
0000101011101010110101011110
0000101000000111011001011011
0000001100100110010110110000
0000101001011100011100110101
0000101101001001011011100110
0000101001101011001010111010
0000101010000000110001010011
0000101010000110100101100110
0000101001000010001000000111
0000000101010110000011000011
0000101011001110101100010010
0000101011111000010110000010
0000101100100101100101010111
0000101001010111011111000101
0000101101010000001010100010
0000101100111101111001001111
0000101100111101010110111110
0000101100100010000111010011
0000101100111101011110111111
0000101010101011110100111111
0000101101101000111000011000
0000101001100101010010011101
0000101100000111110110110011
0000101100111101010110110011
0000101001000011000001001011
0000101000000010001001010101
0000101001010001000010101000
0000101010011001101000110000
0000101100011010000110100110
0000101100111101100000000100
0000101100101110010111101111
0000101001010100111101000111
0000101101111100110100010110
0000101001100111111101000111
0000101010111001001010110100
0000101010001001110000100110
0000101011010111000010111010
0000101000010100000100100000
0000101011111111000010000110
0000101001110011101001100101
0000101100110101010101011011
0000101001110110111000101100
0000101101001100101110001110
0000101100011111010011110011
0000101001010100100001011100
0000101100100110010100100110
0000101001111001011111011101
0000101100111101100101010100
0000101100101000110101110010
0000101101100000000000111110
0000101010000001101111110111
0000101001011000001101001111
0000101101001100011011111100
0000101001110000011010011111
0000101000101100001001010010
0000101010001010011100110111
0000101100110100000010101011
0000101110001100000110011010
0000101100100110101001010101
0000101010100001011000011000
0000101001000110000001111111
0000101100111101111111001001
0000101010111101110100101011
0000101001011110111111011001
0000101110010101001000011111
0000101101010111111010001110
0000101100111000011100111001
0000101100011100010001101000
0000101001100110011010011001
0000101100100110001000000010
0000101001101101111001001011
0000101100111110100001010100
0000101100111101001000001100
0000101010001101010001111000
0000101011101011100101101011
0000101100111101100001010100
0000101100000110000100111110
0000101100100101011010001111
0000101100111100110001011000
0000101100000010010000101001
0000101001111000010101010110
0000101010011000010010110101
0000101011010101001110011111
0000101110000000001001011011
0000101110011111110001110110
0000101011011101110010101111
0000101010110111101100010011
0000101100111101110010100001
0000101001010010111111011100
0000101100111101010111111011
0000101011100110100001011000
0000101001001010011010001110
0000101100100111111100001110
0000101100111101110100101100
0000101100001010010110010001
0000101001100011010110111011
0000101010111011000110100111
0000101100000111110000101000
0000101100111101010110001101
0000101100111101010010001011
0000000000111000010101111101
0000101110011110000001010111
0000101010000000000100101011
0000101110111111001110001011
0000101100111100111111000000
0000101101000111110000110100
0000101100111101000111111000
0000101001111101100011011100
0000101010001111000000001101
0000101101000001110011101010
0000101011100111110111100101
0000101110110111110011110111
0000101001100110111001001011
0000101111001111001110001011
0000101100001000000000100110
0000101010111001010111011000
0000101010011101100000001000
0000101110010101010110101111
0000101101010010110010111100
0000101100010110000100111100
0000101010110011001100011010
0000101010001110011010010100
0000101100111101110011011110
0000101100111111111000000001
0000101010001110101101001110
0000101111001011111001001010
0000101100111100110010011100
0000101001111101011001100010
0000101101011110001111110110
0000100100000111111110111000
0000100110100100100011111010
0000101101000111000100011100
0000101010000010000110000110
0000101100101100111110110010
0000101101100010011111110101
0000101100111101100100001100
0000101111010010001000101011
0000101010111100111100111001
0000011111010101111101111001
0000101110011011001101100000
0000101111011010010001011011
0000101101001100111000101000
0000101010010001111000010000
0000101101110011101100111111
0000101101110101010111011011
0000101100011100000110000010
0000101100111110001011000111
0000101010100011100010000001
0000101011110000101111101100
0000101011111110110001111111
0000101110001000100101100010
0000101111011010001101100000
0000101010001101000101110111
0000101100101011010001111010
0000101011111001101010001111
0000101111111010011010111100
0000101101010110011001110001
0000101010100011110110110100
0000101100011000010111000100
0000101101000011010011000111
0000101100100100100000010110
0000101100101010100100011010
0000101011010111001101100101
0000110000010011011101011011
0000101010100110110001110101
0000101110110000101011110011
0000101010110100001010001011
0000101110100110101100110110
0000101100111100100011011001
0000101010111011011001010111
0000101100111101001101101010
0000101111010001101010000011
0000101100111100101001000010
0000101010100100001001111100
0000101010101111011011110101
0000101101101001100100000010
0000101011101111111101011010
0000101110100101010101011001
0000101100111100110010001010
0000101100111101011111011010
0000010111110110110101110111
0000101100011011001011101011
0000101101110011110011000110
0000101010110010011101111111
0000101100101011001111110110
0000101011111001111010011101
0000101010111100100001111001
0000101011001101111001100100
0000101111100011110101110000
0000101100111100000000011110
0000101110100011100010010000
0000101101100100111000011101
0000101110110000011010010111
0000101011010100010000101000
0000101100101000110011010010
0000110000010011010010100011
0000101101100001101101100111
0000101100000100010100001100
0000101111011110101011001101
0000101011100001001110011110
0000101011011110010011100010
0000101100111100011101100001
0000101111010111001010000101
0000001100111011101101100001
0000101111101110111100111111
0000101100010110010100111111
0000101111011001001000000101
0000101111001111010000001110
0000101011111001111010010110
0000101011101010010001000010
0000101100100111110110011000
0000110000100001010111101000
0000101110110000101111001000
0000101110000101000101001110
0000101110111111000101101101
0000101011010111001001001111
0000101011111000111100111000
0000110000110001000001101000
0000101111101111111011100101
0000101011001111101101100101
0000101100111101001011100010
0000110000011011100010010111
0000101011000010110101100110
0000001110111100011101110011
0000110000110010111101111101
0000101100111110000010110111
0000101101111101101100010001
0000101111100011000011111000
0000101011011110000011011011
0000101011110011000000001101
0000110000011010011000000001
0000101011111010110110101011
0000101011000101101000011001
0000101110010101011011011000
0000101011101100000000100001
0000101110010010100000000000
0000101101011000001010101111
0000101111111101101010000001
0000101011010111110101000000
0000101011000001011110000111
0000101011111111001110010100
0000101100110011000110000011
0000101110111010111001000010
0000101101101011101000100001
0000101111000010011101001011
0000101110001001101011101000
0000101100110101111000000011
0000101110100110101100011001
0000101101110100110101111100
0000101010111111010011001010
0000110000001010100001111101
0000101111011100011001001101
0000101110111100110000111101
0000101100111100101000010010
0000101100111100000000111011
0000101100010000111010001110
0000110000100001000110110111
0000101011101011011111100011
0000101010100101100111001000
0000101110001011110011001001
0000101110100000110011101110
0000110000110011000001100000
0000101100111100010000110000
0000101100000010111101111000
0000101100111101001001001100
0000101110011111101101110110
0000101100101110011101011110
0000110000011100100000000110
0000101100111101001111100101
0000101110010001110001000000
0000110000010110110000001100
0000110000110100110011111001
0000101100000011111011111101
0000110001000000001100111111
0000101101011001101101000011
0000101111100011011110101010
0000101111100000010000110100
0000101101011101110110000001
0000101101101111101110100100
0000101100111100001001010111
0000101101111100010011010110
0000101011101010110101000110
0000101101110110000100111100
0000110000000110001100100111
0000101110010011010110111011
0000101110101000101010000101
0000101101111000101111001011
0000101111100001000111011100
0000101011100101011011110100
0000101111001101011111001100
0000101110101011101010100100
0000101100101110011000101110
0000101100111010011101111000
0000101101011101011101101011
0000101101000101001101010011
0000101100010010011101000111
0000101101011101010011010011
0000110000110011000110010100
0000101101100001010100001001
0000110000111000010001001000
0000101110101000111100110111
0000101110000010100011000010
0000101111110100110000110010
0000101100110001101100110110
0000101011011111111011010101
0000101100111101010101000001
0000101100011000110010100001
0000101100111101000011110001
0000101101011011000000100001
0000101101110111011111010000
0000101100111100111111111011
0000101100111100011011011001
0000101100001001100011111010
0000101011011011101011101100
0000110000011111110001010100
0000110000000011010110110000
0000101100111100000101010010
0000110000000110001110010011
0000101011100111111111000011
0000101101001010110010000000
0000101110101110011001100000
0000101111000001101010110111
0000101101000110010100111010
0000101011100101011001110101
0000101100101110111101111101
0000101011101101101000101100
0000101110111001011111111011
0000101111011000010101100001
0000101100111100101101111111
0000110000101101111110000010
0000101100011001011000101010
0000101101100100100111100100
0000101100000000100011010100
0000101100111100100111011011
0000101100111100101001000001
0000101010111011010010010000
0000101011111100111101010011
0000110000110100001101100011
0000101100010001000100010011
0000101101101111001100001111
0000101011000110101101011100
0000101100100011100000110110
0000101011011010011011000001
0000101011000001001000100000
0000101100010010011011010100
0000101011000011001010100110
0000101011101000100010111010
0000110000001010011100100110
0000101101100110001010010011
0000101110010011010010111111
0000101101010110010010001101
0000101111100101101110111001
0000010111010011111100000010
0000101100011100101101001100
0000101100011111000110010010
0000101110111101110001111001
0000110000110010111010011000
0000110000011001010011001011
0000101100100111110101010000
0000101101001000101101110110
0000101100111111000100111111
0000101111101001010001110000
0000101111111101110100101010
0000101100111100101011010000
0000101111110100010110001101
0000101111011010000010110101
0000101111111100111100101010
0000101101011010010101111110
0000101011111111001000101101
0000101100111100101100000010
0000101110100110010111000011
0000110000011111101000110110
0000101100001011101111011000
0000101100011111011011111100
0000101011100000010011110111
0000101011011000010101110101
0000101100111100111001001010
0000100010010010110010100000
0000110000010010001111001100
0000101100111011110011000111
0000110000010101110000001010
0000101110101110101011001101
0000101101000100010010010100
0000101110110111100000001011
0000101111101011001110101110
0000011001000000101101100011
0000101100100000010100001110
0000101101001100001110010101
0000101110010101111010010010
0000101100111100100111111111
0000101101011101010011010001
0000101100111100001010101110
0000101110110010001011011111
0000101111010100010100101001
0000101101000100011010100110
0000101100000000111010011110
0000101111011110000110010100
0000101111100011000011111111
0000101110001000001100110011
0000101011010100001000100010
0000101100001010010010011100
0000101110110011101010100100
0000101100001001110000110100
0000101100111100111011100101
0000101100100101001010111001
0000101110101010100110110011
0000101111110010110110111110
0000101100011101011000110000
0000110000100110101010100001
0000101100101011100110101001
0000101101001011000111001010
0000101011010111001100000101
0000101100111100101100101001
0000101100111100101011010101
0000101111001010100110001100
0000101100101111001010000000
0000101100110011100101001001
0000101011000111110100111010
0000101010111111000010011100
0000101111111010011001110010
0000101100011111111001101011
0000101111100110011011000001
0000000011101011111100110111
0000101111000110101001100000
0000101100111100111010001010
0000101100110001010001011000
0000101110010111111001100110
0000101101111010101001011000
0000101110111000010111110101
0000001110110110111001111000
0000101011011110111000011010
0000101100111100111110111000
0000101011011010011010000011
0000101011100001000011000100
0000101100111100011110101001
0000110000000101000011011001
0000101111011000111111001101
0000101110100000001000001011
0000101100111100001010000011
0000101011011011011100111010
0000110000110111000011111101