11335377
10814094
10180010
11520460
11640657
10406190
10349204
10166548
11290583
11364459
10699924
11189381
10664366
10696273
10551182
10794251
10874178
11809673
11067542
10520062
10374281
10684967
10667394
11297108
11111894
10428812
11233364
11447646
10516059
3302832
10864437
11835110
10924730
11013203
11037030
10756615
1401027
11332370
11502978
11688279
10844101
11862690
11787855
11785662
11674067
11786175
11189567
11963928
10900637
11566515
11785651
10760267
10494549
10817704
11115056
11641254
11786244
11724271
10833735
12045590
10911559
11244212
11050022
11366586
10567968
11530374
10959461
11752795
10972716
11848590
11662579
10831964
11691302
10983389
11786580
11701618
11927614
11017207
10847055
11847420
10946207
10666578
11052855
11747499
12108186
11692629
11146776
10772607
11788233
11263275
10874841
12145183
11894414
11765561
11650152
10905241
11690498
10935883
11790420
11784716
11064440
11450731
11786324
11559230
11687567
11783256
11543593
10978646
11109557
11359135
12059227
12188790
11394223
11238163
11787425
10825692
11785723
11429976
10790542
11697934
11787564
11576721
10892731
11252135
11566120
11785613
11785355
230781
12181591
11010347
12317579
11784128
11828276
11784696
11000028
11071501
11803882
11435493
12287223
10907211
12383115
11567142
11245016
11130888
12146095
11873468
11624764
11219738
11069076
11787486
11795969
11070286
12369482
11783324
10999394
11920374
9469880
10111226
11825436
11018630
11718578
11937781
11786508
12395051
11259705
8216441
12170080
12428379
11849256
11083280
12008255
12015067
11649410
11788999
11155585
11471852
11529343
12093794
12428128
11063671
11711610
11508367
12560060
11888241
11156916
11634116
11809991
11683862
11708698
11367269
12662619
11168885
12258035
11223691
12217142
11782361
11253335
11785066
12393091
11782722
11158140
11204341
11966722
11468634
12211545
11783306
11786202
6253943
11645675
12008646
11216767
11711478
11509405
11257977
11329124
12467568
11780126
12204176
11947549
12256919
11355176
11701458
12661923
11934567
11552012
12446413
11408286
11396322
11781985
12415621
3390305
12513087
11625791
12423685
12383246
11509398
11445314
11697560
12719592
12258248
12079438
12317037
11366991
11505464
12783720
12517093
11336549
11784930
12695703
11283814
3917683
12791677
11788471
12049169
12464376
11395291
11481101
12690945
11513259
11295257
12146392
11452449
12134400
11895471
12573313
11369792
11278215
11531156
11743619
12299842
11975201
12330827
12098280
11755011
12217113
12012924
11269322
12626045
12437069
12307517
11782674
11780155
11603598
12718519
11450339
11164104
12106953
12193006
12791904
11781168
11546488
11784780
12188534
11724638
12699654
11785189
12131392
12676108
12799225
11550461
12845887
11901763
12466090
12452916
11918721
11991972
11780695
12043478
11447622
12017980
12608295
12137915
12225157
12028875
12456412
11425524
12376012
12237476
11724334
11773816
11917163
11817811
11609927
11916499
12792212
11932937
12813384
12226359
12069058
12536882
11737910
11402965
11785537
11635873
11784433
11907105
12023760
11784187
11781849
11573498
11385580
12713044
12596656
11780434
12608403
11435971
11840640
12248672
12327607
11822394
11425397
11726717
11459116
12294139
12420449
11783039
12771202
11638314
11946468
11536596
11782619
11782721
11252880
11521875
12796771
11604243
11989775
11299676
11679798
11380417
11276832
11609812
11285158
11438266
12625702
11952787
12137663
11887757
12475321
6110978
11651916
11661714
12311673
12791448
12686539
11697488
11832182
11792703
12489840
12573994
11782864
12535181
12427445
12570410
11904382
11530797
11782914
12215747
12712502
11582424
11663100
11404535
11371893
11783754
8989856
12657612
11779271
12672010
12249805
11814036
12285963
12497838
6556515
11666702
11846549
12148370
11782655
11916497
11780782
12264159
12404009
11814566
11538078
12444052
12464383
12092211
11354658
11576476
12270244
11574324
11783909
11686585
12233139
12529086
11654704
12741281
11712937
11841994
11367173
11782953
11782869
12364172
11727488
11745609
11304250
11268252
12559986
11665003
12478145
966455
12348000
11783818
11736152
12156518
12036696
12289525
3894904
11398682
11784120
11380355
11407556
11782057
12603609
12423117
12190219
11780739
11384634
