40662134
42049621
41819825
43199277
42658081
40328286
66180998
41790150
42805459
46215904
43922563
43961558
45091782
45061550
52868425
67121817
44057013
45485643
45610749
46639108
46281670
48212399
45900683
42695910
48696708
50782252
45634020
48432556
42777451
44209425
43844615
44490437
43585813
47934560
48554645
62077818
45607605
52177801
46907861
44409797
44873594
45478146
44581152
51844448
51820477
60718270
48050953
48464929
48403803
54555389
84309893
43313615
47682785
43087910
44469545
48361858
47639890
44649303
42502530
46576903
48088998
48042458
46723358
45223460
42423197
42733094
44557610
47964959
46399980
49900280
42770904
45637284
42973722
43938800
41508475
46815186
42127073
46602560
48470205
45881271
47493521
45945280
48423316
46431919
46998042
44324964
48621921
49723860
46808494
45126745
48225917
47396726
49025290
45738691
44422100
43388504
47030628
45597257
49127352
54988683
52353100
47880934
44344830
45923344
45023796
45999605
46601980
43623260
47444704
45038199
44285598
41981135
48092686
45633254
43122015
44847382
46791399
47283265
50601262
60910165
45112027
47163863
48517481
43007877
46540526
44980477
45757285
39432956
45271424
