00000110 11111101 01110011   458099     4580990ns
00000110 11111011 00010100   457492     4574920ns
00000110 11111111 10100111   458663     4586630ns
00000110 11100100 10100110   451750     4517500ns
00000110 10111001 00110111   440631     4406310ns
00000110 11011010 00111011   449083     4490830ns
00000111 00010010 10000000   463488     4634880ns
00000110 11101000 10101110   452782     4527820ns
00000110 11110000 10000001   454785     4547850ns
00000111 10101000 10100100   501924     5019240ns
00000111 10100011 10110101   500661     5006610ns
00000111 01000000 01000001   475201     4752010ns
00000111 01111010 11001111   490191     4901910ns
00000111 01101011 01110001   486257     4862570ns
00000110 11111010 10011011   457371     4573710ns
00000110 11010011 10111010   447418     4474180ns
00000110 11101100 11010101   453845     4538450ns
00000110 10011111 01001100   433996     4339960ns
00000110 10100010 01100001   434785     4347850ns
00000110 11011010 11000010   449218     4492180ns
00000110 11100000 10110111   450743     4507430ns
00000111 00011001 11101100   465388     4653880ns
00000111 00010000 01000100   462916     4629160ns
00000110 11000010 11000110   443078     4430780ns
00001000 11001111 01100111   577383     5773830ns
00000110 10111001 01000011   440643     4406430ns
00000110 11101111 01011111   454495     4544950ns
00000110 11100010 00000011   451075     4510750ns
00000110 01111000 00001111   423951     4239510ns
00000110 11010011 11101101   447469     4474690ns
