00010001 11011011 11011100
00010001 00101111 10111100
00010010 00001111 01001111
00010001 11010011 10111101
00010010 00111011 11000111
00001111 10111011 11000010 
00010010 00010110 11111110
00010010 00010011 00010110
00010001 11011001 11101100
00010000 01000010 11011000
00010010 00000101 10101100
00010001 10101100 11111011
00001111 10110001 01110110
00001111 10010010 10001010
00010000 00100011 00110011
00010000 11101100 00010001
00001111 10010010 11000101
00010000 10000101 00100001
00010001 10010100 00110100
00010000 00111000 10011000
00010001 00010101 00101011
00010001 10100001 11111110
00010001 00000101 01010111
00010001 01110001 01010000
00010000 10110111 11111010
00010001 10001010 10100110
00010000 10010100 11101011
00010001 01000100 01000010
00010001 00100000 11110001
00010001 10111001 10001100
