1170396 11703960
1126332 11263320
1183567 11835670
1168317 11683170
1194951 11949510
1031106 10311060
1185534 11855340
1184534 11845340
1169900 11699000
1065688 10656880
1181100 11811000
1158395 11583950
1028470 10284700
1020554 10205540
1057587 10575870
1109009 11090090
1020613 10206130
1082657 10826570
1152052 11520520
1063064 10630640
1119531 11195310
1155582 11555820
1115479 11154790
1143120 11431200
1095674 10956740
1149606 11496060
1086699 10866990
1131586 11315860
1122545 11225450
1161612 11616120


Statics Information
max/avg/min 11949510/11211753/10205540 ns
