416985 4169850
431132 4311320
468863 4688630
443998 4439980
422089 4220890
393976 3939760
448244 4482440
425090 4250900
377029 3770290
428229 4282290
570396 5703960
365293 3652930
505308 5053080
510591 5105910
387801 3878010
374066 3740660
535920 5359200
584250 5842500
630519 6305190
392091 3920910
435912 4359120
510898 5108980
425457 4254570
363729 3637290
435966 4359660
376053 3760530
431396 4313960
515651 5156510
458626 4586260
462854 4628540


Statics Information
max/avg/min 6305190/4509470/3637290 ns
