458099 4580990
457492 4574920
458663 4586630
451750 4517500
440631 4406310
449083 4490830
463488 4634880
452782 4527820
454785 4547850
501924 5019240
500661 5006610
475201 4752010
490191 4901910
486257 4862570
457371 4573710
447418 4474180
453845 4538450
433996 4339960
434785 4347850
449218 4492180
450743 4507430
465388 4653880
462916 4629160
443078 4430780
577383 5773830
440643 4406430
454495 4544950
451075 4510750
423951 4239510
447469 4474690


Statics Information
max/avg/min 5773830/4611593/4239510 ns
