00000111 01100111 11000011
00000110 01000011 01100000
00000101 11101100 00011101
00000101 10110001 10000001
00000110 00000111 01110101
00000101 10110110 00101101
00000101 10111111 10010111
00000101 10110110 01010010
00000110 00000101 11010011
00000101 11111010 10100000
00000101 11100011 01000110
00000110 00001101 01101001
00000101 11000010 11000011
00000101 11000100 01000010
00000101 11001000 11000010
00000101 11001010 01011010
00000111 10110111 01000111
00000101 11000101 10001000
00000110 00000011 11110110
00000110 00000000 01010110
00000101 11100000 11100100
00000101 11110011 11100110
00000110 00000110 10110111
00000110 00001101 01100110
00000110 00010001 11101010
00000110 00011000 00101110
00000110 00100001 10111111
00000110 00101000 11100111
00000110 01000011 10010101
00000110 01101000 01110001
