00000110 01011100 11011001
00000110 10010100 00011100
00000111 00100111 01111111
00000110 11000110 01011110
00000110 01110000 11001001
00000110 00000010 11111000
00000110 11010110 11110100
00000110 01111100 10000010
00000101 11000000 11000101
00000110 10001000 11000101
00001000 10110100 00011100
00000101 10010010 11101101
00000111 10110101 11011100
00000111 11001010 01111111
00000101 11101010 11011001
00000101 10110101 00110010 
00001000 00101101 01110000
00001000 11101010 00111010
00001001 10011110 11110111
00000101 11111011 10011011
00000110 10100110 11001000
00000111 11001011 10110010
00000110 01111101 11110001
00000101 10001100 11010001
00000110 10100110 11111110 
00000101 10111100 11110101
00000110 10010101 00100100
00000111 11011110 01000011
00000110 11111111 10000010
00000111 00010000 00000110

