00100010 10101010 10111110 2271934 22719340ns
00100010 10111000 11000001 2275521 22755210ns
00100001 10101100 10000000 2206848 22068480ns
00100001 10101001 11110000 2206192 22061920ns
00100001 00101100 10101000 2174120 21741200ns
00100001 10001100 01110000 2198640 21986400ns
00100001 01000100 11100101 2180325 21803250ns
00100001 01101011 10101111 2190255 21902550ns
00100001 00010110 10111000 2168504 21685040ns
00100001 10000100 11100011 2196707 21967070ns
00100001 01011001 00111110 2185534 21855340ns
00100001 01011001 10100001 2185633 21856330ns
00100001 00100000 11001100 2171084 21710840ns
00100001 00011001 10111001 2169273 21692730ns
00100001 01000011 01010101 2179925 21799250ns
00100001 01001100 10100010 2182306 21823060ns
00100001 01111000 01000001 2193473 21934730ns
00100001 00101111 11100101 2174949 21749490ns
00100011 00110111 01001001 2307913 23079130ns
00100001 01100101 11100111 2188775 21887750ns
00100001 01100101 10100110 2188710 21887100ns
00100001 00100101 11011111 2172383 21723830ns
00100001 10000010 01011000 2196056 21960560ns
00100001 10010011 01100011 2200419 22004190ns
00100001 10001111 00001110 2199310 21993100ns
00100001 01110000 11000101 2191557 21915570ns
00100001 10000011 10110101 2196405 21964050ns
00100001 01000101 00110110 2180406 21804060ns
00100001 00100010 00010110 2171414 21714140ns
00100001 00111000 10101000 2177192 21771920ns

